================================================================================================================================================================
MAPD Reimplementation Results — All Agent Counts
================================================================================================================================================================
Baseline for 10/50ag: ~/Desktop/paper/reference_code/experiment_results_complete.txt
20/30/40 agents: no baseline available (reimplementation results only)

Fixes: pbs_core SIPP revert, should_assign for Hungarian/LNS, removed LNS batch_threshold
LNS 30/40ag: skipped (estimated 8-10+ hours per agent count)

================================================================================================================================================================
=== 10 Agents === (with baseline comparison)
================================================================================================================================================================
Algorithm                      Freq      Our MS   Ref MS        gap       Our SWT   Ref SWT        gap       Our RT   Ref RT
----------------------------------------------------------------------------------------------------------------------------------------------------------------
TP                              0.2        2532     2532    (+0.0%)         19398     19270    (+0.7%)          0.1      0.9
                                0.5        1276     1309    (-2.5%)         63558     66393    (-4.3%)          0.1      0.3
                                  1        1195     1198    (-0.3%)        155670    155890    (-0.1%)          0.1      0.3
                                  2        1169     1167    (+0.2%)        204464    203809    (+0.3%)          0.1      0.3
                                  5        1156     1162    (-0.5%)        239589    236892    (+1.1%)          0.1      0.3
                                 10        1150     1163    (-1.1%)        247525    247964    (-0.2%)          0.1      0.3
                                500        1133     1136    (-0.3%)        258323    256428    (+0.7%)          0.1      0.3

TPTS                            0.2        2532     2532    (+0.0%)         14666     14666    (+0.0%)          0.6      0.9
                                0.5        1276     1274    (+0.2%)         67062     65574    (+2.3%)          0.1      0.3
                                  1        1172     1182    (-0.8%)        149120    150514    (-0.9%)          0.1      0.3
                                  2        1147     1168    (-1.8%)        203593    203618    (-0.0%)          0.1      0.3
                                  5        1154     1165    (-0.9%)        240152    236590    (+1.5%)          0.1      0.3
                                 10        1126     1172    (-3.9%)        245381    252631    (-2.9%)          0.1      0.3
                                500        1116     1105    (+1.0%)        256186    254750    (+0.6%)          0.1      0.3

CENTRAL                         0.2        2514     2516    (-0.1%)         14846     14887    (-0.3%)          8.8      3.3
                                0.5        1292     1230    (+5.0%)         68203     54856   (+24.3%)         22.3      3.5
                                  1        1215     1155    (+5.2%)        155932    142875    (+9.1%)         20.6      4.6
                                  2        1181     1129    (+4.6%)        209226    194109    (+7.8%)         12.7      4.6
                                  5        1183     1117    (+5.9%)        246036    227584    (+8.1%)         19.1      4.6
                                 10        1177     1130    (+4.2%)        251024    239088    (+5.0%)         13.9      4.8
                                500        1126     1101    (+2.3%)        258866    250555    (+3.3%)         14.6      3.8

Hungarian+PBS                   0.2        2514     2512    (+0.1%)         13725     13707    (+0.1%)          2.3      0.4
                                0.5        1259     1294    (-2.7%)         53992     53758    (+0.4%)          1.0      1.3
                                  1        1190     1197    (-0.6%)        124098    123143    (+0.8%)          6.6      4.8
                                  2        1163     1157    (+0.5%)        165628    165857    (-0.1%)         16.6     14.3
                                  5        1160     1151    (+0.8%)        193937    194487    (-0.3%)         28.7     28.2
                                 10        1153     1147    (+0.5%)        205013    204639    (+0.2%)         36.4     36.0
                                500        1140     1141    (-0.1%)        210094    212725    (-1.2%)         43.6     41.1

Hungarian+wPBS                  0.2        2514     2512    (+0.1%)         13768     13751    (+0.1%)          1.7      0.1
                                0.5        1302     1319    (-1.3%)         53928     52438    (+2.8%)          7.1      0.3
                                  1        1215     1213    (+0.2%)        125608    122441    (+2.6%)         13.7      4.0
                                  2        1164     1199    (-2.9%)        168529    167477    (+0.6%)         19.7     13.3
                                  5        1161     1214    (-4.4%)        193750    195327    (-0.8%)         31.6     25.5
                                 10        1154     1180    (-2.2%)        204188    203401    (+0.4%)         38.3     32.3
                                500        1137     1171    (-2.9%)        212605    211201    (+0.7%)         47.5     41.1

LNS(1s)-PBS                     0.2        2514     2513    (+0.0%)         13773     13667    (+0.8%)        875.0    347.9
                                0.5        1267     1277    (-0.8%)         61161     53380   (+14.6%)        752.4    591.1
                                  1        1188     1205    (-1.4%)        133336    125233    (+6.5%)        709.2    580.6
                                  2        1147     1150    (-0.3%)        170594    167070    (+2.1%)        566.5    455.9
                                  5        1161     1158    (+0.3%)        200294    195385    (+2.5%)        502.5    405.6
                                 10        1133     1162    (-2.5%)        209270    203822    (+2.7%)        481.4    386.1
                                500        1137     1131    (+0.5%)        216198    211914    (+2.0%)        455.6    393.0

LNS(1s)-wPBS                    0.2        2513     2512    (+0.0%)         13740     13626    (+0.8%)        879.2    338.9
                                0.5        1254     1287    (-2.6%)         60286     50458   (+19.5%)        751.9    574.0
                                  1        1197     1237    (-3.2%)        133339    125871    (+5.9%)        715.1    558.8
                                  2        1179     1205    (-2.2%)        173709    164495    (+5.6%)        570.9    448.9
                                  5        1150     1209    (-4.9%)        198203    195176    (+1.6%)        502.8    398.7
                                 10        1158     1197    (-3.3%)        209354    204995    (+2.1%)        489.9    378.1
                                500        1122     1192    (-5.9%)        215359    211858    (+1.7%)        442.0    372.5

TA-Prioritized                  500        1052     1053    (-0.1%)        262561      diff     (diff)         25.1      0.6

TA-Hybrid                       500        1050     FAIL                   264705      FAIL                     0.8     FAIL

================================================================================================================================================================
=== 20 Agents === (no baseline)
================================================================================================================================================================
Algorithm                      Freq      Makespan           SWT      Runtime(s)
----------------------------------------------------------------------------------------------------------------------------------------------------------------
TP                              0.2          2540         19108             0.1
                                0.5          1068         21724             0.2
                                  1           708         45336             0.1
                                  2           686         89402             0.1
                                  5           645        122120             0.1
                                 10           681        137836             0.1
                                500           629        140789             0.1

TPTS                            0.2          2520         12682             2.5
                                0.5          1040         15403             1.7
                                  1           687         43998             0.2
                                  2           654         86651             0.2
                                  5           653        121982             0.2
                                 10           637        132791             0.2
                                500           622        138520             0.2

CENTRAL                         0.2          2515         12765             9.6
                                0.5          1037         15248            51.0
                                  1           724         45774            52.1
                                  2           651         87116            22.5
                                  5           638        120437            29.1
                                 10           654        131511            48.2
                                500           640        138612            32.5

Hungarian+PBS                   0.2          2513         12087             4.4
                                0.5          1024         13171             5.4
                                  1           641         31169             2.1
                                  2           609         66164             3.7
                                  5           594         93280             9.1
                                 10           590        102283            14.8
                                500           582        109167            18.6

Hungarian+wPBS                  0.2          2515         12320             1.7
                                0.5          1036         13386            10.4
                                  1           656         32374            18.7
                                  2           664         67770            15.8
                                  5           613         93646            22.3
                                 10           606        102813            32.9
                                500           601        112741            31.8

LNS(1s)-PBS                     0.2          2513         12084           873.1
                                0.5          1034         13203           718.0
                                  1           642         35535           777.1
                                  2           618         69510           435.9
                                  5           587         93293           386.2
                                 10           592        103081           363.0
                                500           587        110341           368.3

LNS(1s)-wPBS                    0.2          2515         12320           872.2
                                0.5          1032         13309           714.2
                                  1           659         37198           800.1
                                  2           621         69539           452.1
                                  5           605         95904           394.8
                                 10           622        105633           389.3
                                500           610        112690           391.3

TA-Prioritized                  500           542        137393            11.4

TA-Hybrid                       500           550        139908             1.7

================================================================================================================================================================
=== 30 Agents === (no baseline)
================================================================================================================================================================
Algorithm                      Freq      Makespan           SWT      Runtime(s)
----------------------------------------------------------------------------------------------------------------------------------------------------------------
TP                              0.2          2533         19581             0.2
                                0.5          1082         22495             0.3
                                  1           614         24384             0.3
                                  2           545         58179             0.2
                                  5           503         84746             0.2
                                 10           515         98132             0.2
                                500           447         99252             0.2

TPTS                            0.2          2527         11942             5.1
                                0.5          1035         13572             4.2
                                  1           585         21918             0.8
                                  2           491         52221             0.7
                                  5           511         83167             0.5
                                 10           488        100318             1.0
                                500           450         97831             0.5

CENTRAL                         0.2          2516         11931             4.5
                                0.5          1034         13324            33.8
                                  1           562         20640            78.5
                                  2           496         51389            40.7
                                  5           482         83165            69.9
                                 10           451         92756            51.2
                                500           440         97923            55.0

Hungarian+PBS                   0.2          2516         11995            10.7
                                0.5          1023         12123             7.7
                                  1           540         13747             7.8
                                  2           438         36026             3.8
                                  5           407         59339          1357.1
                                 10           408         68413          2727.4
                                500           401         76552          3802.7

Hungarian+wPBS                  0.2          2515         11812             2.7
                                0.5          1029         12502             9.3
                                  1           557         14080            39.6
                                  2           441         37743          6856.1
                                  5           421         61075          6993.6
                                 10           431         69259          7355.5
                                500           427         77824          7197.7

TA-Prioritized                  500           366         92244             9.0

TA-Hybrid                       500           371         94928             2.7

================================================================================================================================================================
=== 40 Agents === (no baseline)
================================================================================================================================================================
Algorithm                      Freq      Makespan           SWT      Runtime(s)
----------------------------------------------------------------------------------------------------------------------------------------------------------------
TP                              0.2          2541         19520             0.2
                                0.5          1082         22433             0.3
                                  1           604         24417             0.5
                                  2           493         46540             0.5
                                  5           445         70560             0.4
                                 10           385         76654             0.4
                                500           373         79189             0.3

TPTS                            0.2          2524         11748            10.4
                                0.5          1037         12993             9.0
                                  1           557         16449             7.5
                                  2           419         34947             1.4
                                  5           400         66198             1.3
                                 10           420         80121            13.4
                                500           352         79029             0.7

CENTRAL                         0.2          2515         11695             5.2
                                0.5          1035         12753            24.5
                                  1           559         15221            91.3
                                  2           412         34067           118.9
                                  5           384         59906         16571.5
                                 10           377         70969         14294.9
                                500           357         79157            71.5

Hungarian+PBS                   0.2          2516         11334          2464.4
                                0.5          1020         11575            16.0
                                  1           527         12317            11.1
                                  2           346         21980             4.3
                                  5           323         43877             4.9
                                 10           313         51623             6.1
                                500           322         59754             7.1

Hungarian+wPBS                  0.2          2515         11715           829.8
                                0.5          1019         11951            11.4
                                  1           532         12629            30.2
                                  2           363         24092            40.4
                                  5           329         44149            31.0
                                 10           322         53496            25.7
                                500           355         62180            41.6

TA-Prioritized                  500           282         72478             7.0

TA-Hybrid                       500           293         74918             3.9

================================================================================================================================================================
=== 50 Agents === (with baseline comparison)
================================================================================================================================================================
Algorithm                      Freq      Our MS   Ref MS        gap       Our SWT   Ref SWT        gap       Our RT   Ref RT
----------------------------------------------------------------------------------------------------------------------------------------------------------------
TP                              0.2        2540     2540    (+0.0%)         19958     20016    (-0.3%)          0.3     29.9
                                0.5        1063     1083    (-1.8%)         22089     21832    (+1.2%)          0.4     25.1
                                  1         605      597    (+1.3%)         24859     24570    (+1.2%)          0.5     29.0
                                  2         468      432    (+8.3%)         35635     37817    (-5.8%)          0.5     21.8
                                  5         375      395    (-5.1%)         62721     62294    (+0.7%)          0.5      9.1
                                 10         372      333   (+11.7%)         69926     65711    (+6.4%)          0.5      4.3
                                500         376      336   (+11.9%)         68944     68302    (+0.9%)          0.4     14.3

TPTS                            0.2        2524     2524    (+0.0%)         11553     11553    (+0.0%)         15.3     29.9
                                0.5        1036     1036    (+0.0%)         12609     12609    (+0.0%)         13.3     25.1
                                  1         553      554    (-0.2%)         15049     15134    (-0.6%)         10.1     29.0
                                  2         383      383    (+0.0%)         30556     29030    (+5.3%)          2.6     21.8
                                  5         367      343    (+7.0%)         52917     52428    (+0.9%)          3.4      9.1
                                 10         367      319   (+15.0%)         66020     63482    (+4.0%)          1.6      4.3
                                500         326      338    (-3.6%)         68249     68049    (+0.3%)          1.1     14.3

CENTRAL                         0.2        2514     2524    (-0.4%)         11458     12528    (-8.5%)          6.5    115.7
                                0.5        1032     1035    (-0.3%)         12499     12471    (+0.2%)         39.1    111.7
                                  1         557      553    (+0.7%)         14129     13692    (+3.2%)         81.4     69.2
                                  2         392      335   (+17.0%)         26667     20718   (+28.7%)        153.9     30.5
                                  5         320      313    (+2.2%)         48962     43452   (+12.7%)        103.2     32.7
                                 10         327      304    (+7.6%)         59287     53351   (+11.1%)         91.8     91.8
                                500         330      273   (+20.9%)         69006     62172   (+11.0%)        101.2     27.0

Hungarian+PBS                   0.2        2515     2513    (+0.1%)         11075     11338    (-2.3%)         14.7      2.4
                                0.5        1020     1027    (-0.7%)         11346     11690    (-2.9%)         14.4      7.7
                                  1         526      527    (-0.2%)         11839     11860    (-0.2%)         16.5     17.1
                                  2         292      295    (-1.0%)         15247     15041    (+1.4%)          6.1     37.1
                                  5         264      266    (-0.8%)         34163     34363    (-0.6%)          4.8     59.1
                                 10         263      269    (-2.2%)         41136     42342    (-2.8%)          4.4     60.5
                                500         257      250    (+2.8%)         49759     50491    (-1.4%)          6.1     53.3

Hungarian+wPBS                  0.2        2517     2512    (+0.2%)         11610     11779    (-1.4%)          3.8      1.5
                                0.5        1020     1037    (-1.6%)         12064     11909    (+1.3%)          9.7      3.2
                                  1         552      530    (+4.2%)         12305     12331    (-0.2%)         22.3      4.9
                                  2         331      303    (+9.2%)         16354     14618   (+11.9%)         36.1      7.5
                                  5         271      262    (+3.4%)         35434     33165    (+6.8%)         35.1      8.6
                                 10         267      267    (+0.0%)         43428     41188    (+5.4%)         28.3     11.2
                                500         284      256   (+10.9%)         51385     50638    (+1.5%)         32.4     20.9

LNS(1s)-PBS                     0.2        2516     2513    (+0.1%)         11080     11338    (-2.3%)        882.1    286.1
                                0.5        1020     1027    (-0.7%)         11346     11690    (-2.9%)        717.3    740.8
                                  1         527      527    (+0.0%)         11817     11860    (-0.4%)        532.1    969.9
                                  2         297      296    (+0.3%)         15572     15061    (+3.4%)        291.9    937.5
                                  5         272      276    (-1.4%)         34885     34603    (+0.8%)        246.4    847.1
                                 10         262      255    (+2.7%)         42643     42045    (+1.4%)        235.7    844.8
                                500         266      257    (+3.5%)         50004     49963    (+0.1%)        235.0    850.5

LNS(1s)-wPBS                    0.2        2517     2512    (+0.2%)         11606     11779    (-1.5%)        874.6    284.1
                                0.5        1020     1030    (-1.0%)         12064     11935    (+1.1%)        729.4    678.1
                                  1         552      526    (+4.9%)         12243     12269    (-0.2%)        538.5    966.6
                                  2         311      301    (+3.3%)         16333     14396   (+13.5%)        329.0    867.6
                                  5         290      275    (+5.5%)         37372     33860   (+10.4%)        302.4    741.9
                                 10         271      260    (+4.2%)         44478     41321    (+7.6%)        279.6    778.4
                                500         281      249   (+12.9%)         51000     50138    (+1.7%)        259.0    763.0

TA-Prioritized                  500         234      238    (-1.7%)         59108      diff     (diff)          7.6      0.7

TA-Hybrid                       500         238     FAIL                    61359      FAIL                     6.5     FAIL

================================================================================================================================================================
Notes:
  1. 10/50ag compared against experiment_results_complete.txt baseline
  2. 20/30/40ag: no baseline exists — results are reimplementation-only
  3. CENTRAL 40ag f=5,10: took 4-4.6 hours (very slow CBS at 40 agents)
  4. Hungarian+wPBS 30ag f=2-500: took 2+ hours each
  5. LNS 30/40ag: skipped (PBS at 30+ agents already takes 1-2 hours,
     adding 1s LNS per replan makes total runtime impractical)
  6. TA methods: offline only (freq=500)
  7. TA-Prioritized SWT: ref uses different metric
  8. TA-Hybrid: reference broken; our implementation works
