# MAPD Framework Output
# Algorithm: HBH_MLA
# Map: 21x35 (302 task eps, 10 agents)
# Tasks: 500
# Makespan: 1095
# Sum of Task Waiting Time: 248078
# Tasks completed: 500/500
# Runtime: 70.38 ms

# Agent paths (agent_id: loc_t0 loc_t1 ... loc_makespan)
0: 179 178 215 252 251 250 249 248 247 246 245 244 243 242 241 240 239 238 237 236 237 238 239 240 277 314 351 388 425 462 499 536 573 610 647 684 721 758 759 760 761 762 763 764 763 762 761 760 759 758 721 684 647 610 573 536 499 462 461 460 459 458 457 456 457 456 455 454 453 452 451 414 377 340 303 266 229 192 155 118 81 80 79 78 77 76 77 78 79 80 81 82 83 84 85 86 87 88 89 90 91 92 93 94 95 96 95 94 93 92 129 166 203 240 277 314 351 352 389 388 425 462 499 536 573 610 647 684 721 758 759 760 761 762 761 760 759 758 721 721 684 647 610 573 536 499 462 425 388 351 314 277 240 203 166 167 168 167 166 129 92 91 90 89 88 87 86 85 84 83 82 81 80 79 78 77 114 151 188 189 190 191 192 193 194 195 196 197 198 199 236 237 238 237 238 239 240 277 314 351 388 425 462 463 500 501 502 503 504 541 542 543 544 545 546 547 548 549 550 551 552 515 478 441 404 367 330 293 256 219 182 181 180 179 178 141 178 215 214 213 212 211 210 209 208 207 206 205 204 203 202 201 200 237 236 235 234 233 234 235 236 237 236 235 236 237 238 201 164 165 166 167 168 169 170 171 172 173 174 211 210 209 208 207 206 205 242 241 240 277 314 313 312 311 310 309 308 307 306 305 304 305 306 307 308 309 310 311 312 313 314 315 316 317 318 319 320 319 318 355 318 355 392 391 390 389 388 387 386 385 384 383 382 381 380 379 378 377 414 451 488 525 562 561 560 523 486 449 412 375 376 377 378 379 380 343 306 305 304 305 304 303 266 229 230 231 232 233 234 235 198 199 236 235 198 161 198 235 236 237 238 239 240 277 314 351 388 425 462 499 536 537 538 539 540 541 542 505 504 503 502 465 464 463 462 425 388 351 314 277 240 203 202 201 200 199 198 197 196 195 194 193 192 191 190 227 228 229 230 231 232 233 234 235 236 237 238 239 240 241 242 241 240 277 314 351 388 425 462 499 536 573 610 647 684 685 686 649 612 611 610 573 536 499 462 463 462 425 388 387 386 385 384 383 382 381 380 379 378 377 376 375 338 301 302 303 304 305 306 307 308 309 310 311 312 313 314 315 352 389 388 387 386 385 384 384 347 310 347 348 349 350 351 388 425 462 463 464 465 466 467 468 469 470 471 470 469 468 467 466 465 464 463 462 425 388 351 314 277 240 239 238 237 238 239 240 241 240 277 314 351 352 353 390 391 392 393 394 393 392 391 390 389 388 387 386 385 384 347 346 345 382 381 380 379 378 377 414 451 488 525 562 599 598 597 596 595 594 595 558 521 522 523 524 525 526 527 528 529 530 531 532 533 534 535 536 537 538 501 502 503 540 541 542 543 544 545 544 543 542 541 540 503 502 501 538 537 536 573 610 647 684 721 758 757 756 755 754 753 752 751 750 749 748 747 746 745 744 743 744 745 746 747 748 749 750 751 752 753 754 755 756 757 758 721 684 647 610 611 612 613 612 613 614 615 616 617 618 619 620 621 584 547 510 473 472 471 470 471 472 473 436 399 362 325 288 251 214 177 176 175 174 173 172 171 172 173 174 175 176 177 214 215 252 289 326 363 400 437 474 473 472 471 470 469 468 467 466 465 464 463 500 537 536 573 610 647 684 721 758 759 760 761 762 763 764 765 766 767 768 769 732 695 696 697 698 699 662 625 588 551 514 477 440 403 366 329 328 327 326 325 324 361 398 397 396 395 394 393 392 391 390 389 388 425 462 499 536 573 610 609 608 607 606 605 604 603 602 601 600 599 562 525 526 527 528 529 530 531 532 533 534 535 536 573 610 611 612 613 614 615 614 613 612 613 614 615 616 617 618 619 620 621 584 547 510 473 474 475 476 477 440 403 366 329 292 255 254 253 252 251 250 249 248 247 246 245 244 243 242 241 240 239 238 237 236 235 234 233 232 231 230 193 156 155 118 81 44 45 46 47 47 84 85 86 87 88 89 52 53 90 91 92 129 166 203 240 277 314 351 388 425 462 499 536 573 610 647 648 649 650 651 652 653 654 655 656 657 658 659 696 659 622 585 548 511 474 437 400 399 398 397 396 395 396 397 398 399 436 473 510 547 584 621 620 619 618 617 654 617 616 653 690 691 692 693 656 619 620 621 584 547 510 473 436 399 362 325 288 251 214 177 140 141 142 143 144 181 218 255 292 329 366 403 440 477 514 551 588 625 662 699 662 625 588 551 514 477 440 403 366 329 328 327 326 325 324 323 322 321 320 319 318 317 316 315 352 389 390 391 392 393 394 395 396 397 398 399 436 473 510 547 584 621 658 695 732 733 734 733 696 659 622 585 548 511 474 437 400 399 398 397 396 395 394 393 392 391 390 389 388 387 386 385 384 383 382 381 380 379 378 377 376 375 375 375 375 375 375 375 375 375 375 375 375 375 375 375 375 375 375 375 375 375 375 375
1: 216 215 252 289 326 363 400 437 474 511 548 585 622 621 620 619 618 617 616 615 614 613 612 611 610 609 608 607 606 607 608 609 610 611 612 613 614 651 652 653 616 617 618 619 620 621 584 547 510 511 512 513 514 515 552 589 626 663 700 699 698 697 696 695 694 693 692 691 690 689 688 687 686 685 684 683 682 681 680 679 678 677 676 675 674 673 672 671 672 709 746 747 748 749 750 751 752 753 754 755 756 757 758 759 760 761 762 761 760 759 758 721 684 647 610 609 608 607 606 605 604 603 602 601 600 599 562 525 488 451 414 377 340 303 302 303 304 305 306 307 308 309 310 311 312 313 314 315 316 317 318 319 320 321 320 319 318 317 316 353 352 351 314 277 240 239 238 237 236 235 234 233 232 231 194 157 156 155 118 117 116 115 114 113 76 113 150 187 224 261 298 335 372 409 446 483 520 557 594 595 596 597 598 599 600 601 602 603 604 605 606 607 608 609 610 611 612 613 614 613 612 611 610 573 536 499 462 425 388 351 314 277 240 239 238 239 240 277 314 351 388 425 462 499 536 537 538 539 540 541 542 543 506 469 468 467 466 465 464 463 462 425 388 351 314 313 312 311 310 309 308 307 306 305 304 303 266 229 192 155 118 117 116 117 80 117 154 191 228 265 302 339 340 341 342 343 344 345 346 347 348 349 350 351 352 353 354 355 356 357 358 359 360 361 362 363 364 365 366 367 330 293 330 367 404 441 478 515 552 589 626 625 624 623 622 621 620 619 618 617 616 615 614 613 612 611 610 609 608 607 606 605 604 603 602 601 600 599 562 525 524 523 522 521 520 483 520 483 446 409 372 373 336 299 262 225 188 151 114 77 78 79 80 81 82 83 84 85 86 87 88 89 90 91 92 93 92 129 166 165 164 163 162 161 160 159 158 157 156 193 230 229 266 303 340 377 414 451 488 525 562 599 636 635 634 633 632 631 594 557 520 483 446 409 372 335 298 261 224 187 150 151 152 153 154 154 117 80 117 154 191 228 265 302 339 340 341 342 343 344 345 382 383 384 385 386 387 388 389 390 391 392 393 394 395 396 395 394 393 392 391 390 389 388 425 462 499 536 573 610 609 608 607 606 605 604 603 602 603 604 605 606 607 608 609 610 573 536 499 462 425 388 387 386 385 386 387 388 389 390 353 354 391 392 393 394 395 358 321 320 319 318 317 316 315 314 277 240 203 202 201 200 199 198 161 160 159 158 157 158 159 158 157 156 155 118 81 82 83 84 83 82 81 118 155 192 229 266 303 340 377 414 451 488 525 562 599 598 597 596 595 558 595 558 521 484 447 410 373 374 375 376 377 378 379 380 381 382 383 384 385 386 387 388 389 390 391 392 393 394 395 396 397 396 395 394 393 392 391 390 353 352 351 388 425 462 461 460 459 458 457 456 455 454 453 452 451 450 449 448 447 446 447 448 449 450 413 376 339 302 303 304 305 306 307 308 309 310 311 312 313 314 315 352 389 390 391 390 389 388 425 462 499 536 573 610 647 647 684 721 758 759 760 761 762 763 764 765 766 767 768 769 732 695 658 621 584 547 510 473 436 437 474 437 400 363 326 289 252 215 214 213 212 211 210 209 208 207 170 169 168 167 166 165 165 166 129 92 93 94 95 96 97 98 99 100 101 64 65 66 103 140 177 214 251 288 325 362 399 436 473 474 475 476 477 440 477 476 475 474 473 472 471 470 469 468 467 504 503 502 501 500 499 498 497 496 495 458 457 456 455 454 453 452 451 450 449 448 447 446 409 372 373 374 375 412 449 486 523 560 597 634 671 708 745 744 743 744 745 746 747 748 749 750 751 752 753 754 755 756 757 758 721 684 685 686 687 650 651 652 689 690 691 692 693 656 655 654 653 652 651 650 649 648 647 646 645 644 643 642 641 640 639 638 637 636 599 562 525 488 451 414 413 412 411 410 373 336 299 262 263 264 227 190 153 116 79 80 81 82 83 84 85 86 87 50 49 86 87 88 89 90 91 92 129 166 203 240 277 314 315 316 317 318 319 320 321 322 323 324 325 326 327 364 401 438 475 512 511 510 509 508 507 506 505 504 503 502 501 500 499 498 497 496 495 494 493 492 491 490 527 526 525 562 561 598 635 672 673 674 675 676 677 678 679 680 681 682 683 684 685 686 687 688 689 690 691 692 693 656 619 620 621 584 547 510 511 512 549 586 623 660 697 660 623 586 549 512 475 438 401 364 327 326 325 324 323 322 321 320 319 318 317 316 315 314 313 312 311 310 309 346 383 384 385 386 387 388 425 462 499 536 573 610 647 648 649 650 651 652 689 690 691 692 693 694 695 696 697 734 771 770 769 768 767 766 765 764 763 762 762 762 762 762 762 762 762 762 762 762 762 762 762 762 762 762 762 762 762 762 762 762 762 762 762 762 762 762 762 762 762 762 762 762 762 762 762 762 762 762 762 762 762 762 762 762
2: 225 188 151 188 225 262 299 336 373 410 447 484 521 522 523 524 525 526 527 528 529 530 531 532 533 534 535 536 537 536 573 610 647 646 609 608 607 606 605 604 603 602 601 600 599 562 525 488 451 451 414 377 340 303 266 229 230 231 230 229 266 303 340 377 414 451 488 525 562 599 636 673 710 709 708 671 672 673 674 675 676 639 640 677 678 679 680 681 644 607 608 609 610 573 536 537 538 539 540 541 542 543 544 545 544 507 470 469 468 467 466 465 464 463 462 425 388 351 314 277 240 239 238 237 236 235 234 233 232 231 230 229 266 266 303 340 377 414 451 488 525 562 599 636 673 674 675 676 639 640 641 642 643 644 645 646 647 648 611 612 613 614 615 616 615 614 613 612 611 610 573 536 499 498 497 496 495 494 493 492 491 490 489 452 451 414 413 376 413 450 487 524 525 526 527 528 529 530 531 532 533 534 535 536 537 538 539 540 539 540 541 542 543 544 545 546 547 548 511 474 437 400 363 326 289 252 251 250 249 248 247 246 247 248 249 250 251 288 325 362 399 436 437 400 363 326 289 252 215 178 177 176 175 174 173 172 171 170 169 168 167 166 165 164 163 200 163 200 237 238 239 240 277 314 351 388 425 462 499 536 573 610 647 684 685 686 687 688 651 614 613 612 611 610 573 536 499 462 425 388 351 314 277 240 203 166 129 92 91 90 91 92 129 166 203 240 241 242 243 244 245 246 247 248 249 250 251 288 325 362 363 364 401 438 475 512 549 586 623 622 621 620 657 656 655 618 617 616 615 614 613 612 611 610 573 536 499 462 463 463 462 425 388 351 314 277 240 239 238 237 236 235 234 233 232 231 194 157 156 193 194 231 232 233 234 235 236 237 238 239 240 277 314 351 388 425 462 463 464 465 466 467 468 469 470 471 472 473 474 437 400 363 326 289 252 215 214 213 212 211 210 209 208 207 206 205 204 203 202 165 164 163 162 161 160 159 158 159 196 233 232 231 230 229 266 303 340 341 342 379 380 381 382 345 308 309 310 311 312 313 313 313 314 277 240 203 166 167 168 169 206 243 242 241 240 277 314 313 350 387 387 388 425 462 499 536 573 610 647 684 721 758 757 756 755 754 753 752 751 752 751 750 749 748 747 710 673 636 599 562 561 560 559 558 595 632 669 670 671 672 673 674 675 674 673 710 709 672 635 598 561 524 487 488 489 490 491 492 493 494 495 496 497 498 499 500 501 502 503 504 505 506 507 508 471 472 471 470 469 468 467 466 465 464 463 462 425 388 351 314 277 240 203 166 165 164 163 162 163 164 165 202 239 240 277 314 351 388 425 462 499 536 573 610 647 684 721 758 757 756 755 754 753 754 755 756 757 758 721 721 684 647 610 611 612 649 686 687 688 689 652 615 616 617 618 619 620 621 584 547 510 473 436 399 362 325 288 251 250 213 176 213 250 249 248 247 246 245 244 243 242 241 240 277 314 351 350 349 348 385 384 383 382 381 344 307 306 343 380 379 378 377 414 451 488 525 526 527 528 529 530 529 492 455 454 453 452 451 414 377 340 303 266 229 230 231 232 233 234 235 234 233 232 231 230 229 266 265 264 227 190 153 116 79 80 81 82 83 84 85 86 87 88 89 90 91 92 93 94 95 96 97 98 99 100 101 102 101 100 99 98 97 96 95 94 93 92 129 166 165 202 239 240 277 314 351 388 425 462 461 460 460 461 462 425 388 351 314 277 240 203 166 129 92 93 94 95 96 97 98 99 100 101 102 103 104 141 178 215 252 289 326 363 400 437 474 473 472 471 470 469 468 467 466 465 464 463 462 461 460 459 458 495 532 495 458 459 460 461 462 425 388 351 314 277 240 203 166 167 168 169 170 171 172 173 174 175 176 177 140 141 142 179 216 253 290 327 364 401 438 475 512 511 510 509 508 507 506 505 504 541 540 539 538 537 536 535 534 533 532 531 530 529 528 527 526 525 524 523 486 449 412 375 338 301 264 227 190 153 116 115 114 113 150 187 224 261 262 263 264 227 190 153 116 79 80 81 82 83 84 85 86 87 88 89 90 91 92 129 166 203 240 277 314 351 388 425 462 499 536 537 538 539 540 541 542 543 544 545 546 547 584 585 586 549 512 475 438 401 364 327 290 253 252 251 250 213 176 177 140 103 102 101 100 99 98 97 96 95 94 93 92 129 166 203 240 277 314 351 388 425 462 499 536 573 610 647 684 721 758 759 760 761 762 763 764 765 766 767 768 769 770 771 734 697 660 623 586 549 512 475 474 473 472 471 470 469 468 467 466 465 464 463 500 537 538 539 540 541 542 543 544 545 546 547 584 621 658 695 732 733 734 735 736 737 700 663 626 589 552 515 478 441 404 403 402 401 400 399 398 397 396 395 394 393 392 391 390 389 388 387 386 385 384 383 382 381 381 381 381 381 381 381 381 381 381 381 381 381 381 381 381 381 381 381 381
3: 329 330 329 366 403 402 439 476 475 474 473 472 473 436 399 362 325 288 251 250 249 248 247 246 245 244 243 242 241 240 277 314 351 388 425 462 463 500 537 536 573 610 647 684 683 682 681 680 679 678 677 676 675 674 673 710 709 672 635 598 599 600 601 602 603 604 605 606 607 608 609 610 573 536 499 462 425 388 351 314 277 240 203 166 167 168 169 170 171 172 173 174 211 248 249 250 251 288 325 362 399 436 473 510 547 584 585 586 587 588 551 514 477 440 403 366 329 292 255 218 181 144 107 106 105 104 141 178 215 252 289 326 363 400 437 474 475 476 477 514 551 588 625 624 623 622 621 620 619 618 617 616 615 614 613 612 611 610 609 608 607 606 605 604 641 678 679 680 681 682 683 684 721 758 759 760 761 762 763 764 765 766 767 768 769 770 733 696 659 622 585 548 511 474 437 400 363 326 325 324 323 322 321 320 319 318 317 316 315 314 313 312 311 310 309 308 307 306 305 304 303 266 265 302 339 340 377 414 451 488 525 526 527 528 529 530 531 532 533 534 535 536 537 538 539 540 541 542 543 544 545 546 547 548 585 622 659 658 658 695 732 769 768 767 766 765 764 763 762 761 760 759 758 721 684 647 646 609 608 607 606 605 604 603 602 601 600 599 562 525 488 451 414 377 340 303 266 229 230 231 194 157 194 231 230 229 266 303 340 377 414 451 488 525 526 527 490 453 452 451 414 377 340 303 266 229 192 191 190 189 188 151 150 187 224 261 298 299 300 301 302 303 304 305 306 343 344 345 308 345 382 383 384 385 386 387 388 425 462 499 536 535 498 461 460 459 458 457 456 455 454 453 452 451 414 377 340 303 266 229 192 155 154 191 228 265 302 339 376 413 412 411 410 373 336 299 262 225 188 151 114 77 78 79 80 81 82 83 84 85 86 87 88 89 90 91 92 55 56 57 94 95 96 97 96 95 94 93 92 91 90 89 88 87 86 85 84 83 82 81 118 117 116 79 80 117 118 155 192 192 229 266 303 340 377 414 451 488 489 490 491 492 493 494 495 496 497 498 535 536 537 500 499 462 425 388 351 314 315 316 317 316 317 318 319 320 321 322 323 324 325 288 289 326 363 400 437 474 511 548 547 584 621 620 619 656 655 654 617 616 615 614 613 612 611 610 573 536 499 462 425 388 351 314 313 312 311 310 347 384 383 382 381 380 379 378 377 414 451 450 487 524 561 598 635 672 673 674 675 676 677 678 679 642 605 606 607 608 609 610 573 536 499 462 425 388 351 314 277 240 241 242 243 242 241 242 243 244 245 246 247 248 249 250 251 288 325 324 361 398 361 324 324 324 325 288 251 214 177 140 103 102 101 100 99 98 97 98 97 96 95 94 93 92 129 166 203 240 239 238 237 236 235 234 233 232 231 230 229 266 303 340 377 414 451 488 525 562 561 560 559 558 595 632 669 632 595 558 521 484 447 410 373 336 299 262 225 226 227 228 229 192 193 194 231 232 233 234 235 236 199 162 163 164 165 166 129 92 91 92 129 166 203 240 277 314 351 388 425 425 462 499 536 573 610 611 612 649 650 651 614 615 616 653 690 653 616 615 614 613 612 611 611 610 573 536 499 462 462 461 461 462 425 388 351 314 277 240 239 238 237 236 235 234 233 232 231 230 229 266 303 302 339 376 413 450 487 524 561 598 635 672 709 746 747 748 749 748 747 710 673 636 599 562 525 526 527 528 529 492 455 454 453 452 451 414 377 340 303 266 229 192 191 190 189 188 225 262 299 336 373 410 447 484 521 558 595 632 669 670 671 672 673 674 675 676 677 678 679 680 681 682 683 684 721 758 759 796 797 798 761 762 763 764 765 766 767 768 769 732 695 658 658 621 584 547 510 473 436 399 362 325 288 251 214 177 140 103 102 101 100 99 98 97 96 95 94 95 96 97 98 99 100 101 102 103 140 177 214 251 288 325 362 399 398 361 324 325 288 251 250 249 248 247 246 245 244 243 242 241 240 277 314 351 388 389 390 391 392 393 392 391 390 389 388 425 462 461 460 459 458 457 456 455 454 453 452 451 450 449 448 447 446 409 372 373 374 375 376 377 378 379 380 381 382 383 384 385 386 387 388 389 390 391 392 393 394 357 320 321 322 323 324 325 288 251 214 177 140 103 102 101 100 99 98 97 96 95 94 93 92 129 166 167 168 169 206 243 244 245 246 247 248 249 250 251 288 289 326 363 400 437 474 511 548 585 622 659 696 659 622 621 620 619 656 657 694 695 696 697 660 623 586 549 512 475 438 401 364 327 290 253 216 179 142 105 104 104 104 104 104 104 104 104 104 104 104 104 104 104 104 104 104 104 104 104 104 104 104 104 104 104 104 104 104 104 104 104 104 104 104 104 104 104 104 104 104 104 104 104 104 104 104 104 104 104 104 104 104 104 104 104 104 104 104 104 104 104 104 104 104 104 104 104 104 104
4: 366 367 330 293 256 255 254 253 252 215 214 213 212 211 210 209 208 207 206 205 204 203 202 201 200 199 198 197 196 195 194 193 192 191 190 153 190 227 264 301 302 303 304 305 306 307 308 309 310 311 312 313 314 315 316 317 318 319 320 321 322 323 322 359 396 395 394 357 320 321 322 323 324 361 398 397 396 395 394 393 392 391 390 389 388 387 386 385 384 383 382 381 380 379 378 377 414 413 376 413 450 487 524 561 598 597 596 595 594 557 520 521 522 523 524 525 526 527 528 529 530 531 532 533 534 535 536 537 538 539 540 541 542 543 542 541 504 541 542 543 544 545 546 547 548 549 550 551 552 515 478 441 404 367 330 293 256 255 254 253 252 251 250 249 248 247 246 245 244 243 242 241 240 239 238 237 236 235 234 233 232 231 230 229 266 303 340 377 414 451 452 451 450 449 450 451 452 453 454 455 456 457 458 459 460 461 462 463 464 465 466 467 468 469 470 471 472 473 474 475 476 477 514 551 550 549 548 547 546 545 544 543 542 541 540 539 538 537 536 573 610 609 608 607 606 605 604 603 602 601 600 599 562 525 488 451 414 377 340 303 266 229 192 155 118 81 82 83 84 85 48 49 86 87 88 89 90 91 92 129 166 203 240 241 242 243 244 245 244 243 242 241 240 277 314 351 388 387 386 385 384 383 382 381 380 379 378 377 414 451 488 525 562 599 636 673 710 709 708 707 706 669 632 595 558 521 484 447 410 373 336 299 262 225 226 189 152 153 154 155 156 157 158 159 160 161 162 163 164 165 202 239 240 277 314 351 351 388 425 462 499 536 573 610 647 684 685 686 687 688 689 690 691 692 693 694 693 692 691 654 617 618 619 620 621 584 547 510 473 436 399 362 325 288 289 290 253 252 289 326 363 400 437 474 511 548 585 622 659 696 695 694 693 692 691 690 689 652 615 614 613 612 611 610 573 536 499 462 425 388 387 386 385 384 383 382 381 380 379 378 377 414 413 412 449 448 447 446 447 448 449 450 413 376 376 339 302 265 228 191 154 117 80 81 82 45 46 47 84 85 86 87 88 89 90 91 92 129 166 203 240 241 242 243 244 245 246 247 248 249 250 251 288 325 362 399 436 473 510 547 584 621 620 619 618 617 616 615 614 613 612 611 610 609 608 607 606 605 606 607 608 609 610 573 536 499 462 425 388 351 314 277 240 241 242 243 244 245 246 209 172 209 246 245 244 243 242 241 240 277 314 351 388 387 386 385 384 383 382 381 380 379 378 377 414 413 450 451 452 453 454 455 456 457 458 459 460 461 462 463 464 465 466 467 466 467 468 505 542 541 540 539 502 465 502 539 538 537 536 573 610 609 608 607 606 605 606 607 608 609 610 573 536 499 462 425 388 351 314 277 240 239 240 241 242 243 244 245 246 247 248 249 250 251 288 289 326 363 400 437 400 363 326 289 252 215 178 141 104 105 106 107 144 181 218 255 254 253 252 251 250 249 248 211 174 175 176 177 178 179 180 181 144 181 218 255 292 329 366 403 440 477 514 551 588 625 624 623 622 621 620 619 618 617 616 615 614 613 612 649 648 647 646 645 644 643 642 641 640 639 638 637 636 673 672 709 746 747 748 749 748 747 710 673 636 599 600 601 602 603 602 601 600 599 562 525 488 451 414 377 378 379 380 381 382 381 380 379 378 377 376 413 450 487 524 561 598 599 600 601 602 603 604 605 606 607 608 609 609 610 573 536 536 499 462 425 388 351 314 277 240 241 242 243 244 245 246 247 248 249 250 251 288 289 290 327 364 401 438 437 400 399 398 361 324 323 322 321 320 319 318 317 316 315 314 313 312 349 386 387 387 387 388 425 462 461 460 459 458 457 456 455 454 453 452 451 414 377 340 303 266 229 192 191 190 189 188 225 262 261 298 335 372 409 446 483 520 521 522 523 524 525 526 527 528 529 492 455 456 457 458 459 460 461 462 463 464 465 466 467 468 469 470 471 472 473 436 399 362 325 288 251 214 177 140 141 178 215 252 289 326 363 400 437 474 511 548 585 622 621 620 619 618 617 616 615 614 613 614 615 616 617 618 619 620 621 584 547 510 473 436 399 362 325 288 289 252 215 178 141 142 143 144 145 182 219 256 255 254 253 252 251 250 249 248 247 246 245 244 243 242 241 240 277 314 313 312 311 310 309 308 307 308 309 310 311 312 313 314 277 240 203 166 129 92 93 94 95 96 97 98 99 100 99 98 97 96 95 94 93 92 129 166 203 240 277 314 351 388 425 462 499 536 573 610 647 648 649 650 651 652 689 690 691 692 693 656 655 654 653 652 651 650 613 612 611 610 573 536 499 462 425 388 351 314 277 240 203 166 129 92 91 90 89 88 87 86 85 84 83 82 82 82 82 82 82 82 82 82 82 82 82 82 82 82 82 82 82 82 82 82 82 82 82 82 82 82 82 82 82 82 82 82 82 82 82
5: 404 404 367 330 367 404 441 478 477 514 551 588 625 662 699 736 773 772 771 770 769 768 767 768 769 732 695 658 621 584 547 510 473 436 399 362 325 288 251 214 215 216 217 218 255 292 329 366 403 402 401 400 399 398 397 396 395 394 393 392 391 390 389 388 387 386 385 384 383 382 381 380 379 378 377 414 413 412 411 410 447 484 521 558 595 632 633 634 635 636 637 638 639 640 641 642 643 644 645 646 647 648 649 650 651 652 653 654 655 656 657 658 659 622 585 548 549 550 551 552 589 626 663 662 661 660 659 658 657 656 655 654 653 652 651 650 687 686 685 684 683 682 681 680 643 644 645 646 647 648 649 650 651 652 653 654 655 656 657 658 659 660 661 662 625 588 551 514 477 440 403 402 401 400 399 398 397 396 395 394 393 392 391 390 389 388 387 386 385 384 385 386 387 388 425 462 499 536 573 610 609 646 683 682 681 680 679 678 677 676 675 674 675 676 639 602 601 600 599 598 561 524 487 450 413 376 339 302 303 266 229 192 155 156 157 158 159 160 161 162 163 164 165 166 129 92 91 90 89 88 89 90 91 92 129 166 203 240 239 238 201 164 201 238 239 240 277 314 351 388 425 462 499 536 573 610 647 684 721 758 757 756 757 758 721 721 721 684 647 610 573 536 535 534 497 460 461 461 461 462 425 388 351 314 315 316 317 318 319 320 321 322 323 324 323 322 321 358 357 356 319 318 317 316 315 314 277 240 239 238 237 236 199 162 199 236 237 238 239 240 277 314 351 388 425 462 499 536 573 610 647 684 721 758 759 760 761 762 763 764 765 766 767 768 769 732 695 658 621 584 547 546 545 544 507 470 469 468 467 466 465 464 463 462 461 460 459 458 457 456 455 454 453 452 451 450 449 448 447 446 483 520 557 594 631 668 705 742 743 744 745 746 747 748 749 750 749 750 751 752 753 754 755 756 757 758 721 684 647 610 573 536 499 462 425 388 351 314 277 240 203 204 205 168 169 170 171 172 173 174 211 248 247 246 245 244 243 242 241 240 277 314 351 388 425 462 499 536 573 610 647 684 721 758 759 758 757 758 721 684 647 610 573 536 535 498 461 462 425 388 387 386 385 384 383 382 381 380 379 378 377 414 451 488 525 524 561 598 635 672 709 746 747 748 749 750 751 752 753 754 755 756 757 756 755 754 753 752 751 750 749 748 747 710 673 636 599 562 525 488 451 414 377 340 303 266 229 192 155 118 117 116 115 114 113 150 187 224 261 298 335 372 409 446 483 520 521 522 523 524 525 526 527 528 529 530 531 532 533 534 535 536 537 538 539 540 541 542 543 544 545 546 547 548 585 622 659 696 695 694 693 692 691 690 689 688 687 686 685 684 683 682 681 680 679 678 677 676 675 674 673 710 709 708 707 706 705 668 631 594 557 520 521 522 523 524 524 525 526 525 562 599 600 601 602 603 604 605 606 607 608 609 610 611 610 573 536 499 462 425 388 387 386 349 312 311 310 309 308 307 306 305 342 379 378 377 414 451 488 525 562 599 598 597 596 595 594 557 520 521 522 523 524 525 526 489 452 453 454 455 456 457 458 459 460 461 462 425 388 351 314 277 240 241 204 167 166 129 92 93 94 93 92 129 166 203 203 203 240 277 314 313 312 311 348 349 350 351 352 389 390 391 354 317 316 315 314 277 240 203 166 129 92 91 90 89 88 87 86 85 84 83 82 81 118 155 192 229 266 303 304 303 302 303 304 305 306 307 308 309 310 347 348 349 312 313 314 315 316 317 318 319 320 321 358 395 394 393 392 391 390 389 388 425 462 499 536 573 610 647 684 685 686 687 688 689 690 691 690 689 688 687 686 685 648 611 610 573 536 535 534 533 532 533 534 535 536 537 538 539 540 541 542 543 544 545 546 547 584 621 658 695 694 657 620 619 618 617 616 615 614 613 612 611 610 573 536 499 462 425 388 389 390 391 392 393 394 395 396 397 360 323 324 325 288 251 214 177 140 141 142 143 144 145 182 219 256 255 254 253 252 251 250 249 248 247 246 245 244 243 242 241 240 239 238 237 236 235 236 237 238 239 240 277 314 351 388 389 390 391 392 393 356 319 318 317 316 315 314 277 240 203 166 165 164 163 162 161 160 159 158 157 156 155 154 153 152 151 114 77 78 79 80 81 82 83 84 85 86 87 88 89 90 91 92 93 94 95 96 97 98 99 100 101 102 103 140 177 214 251 288 325 362 399 436 473 510 547 584 621 620 619 656 655 654 617 616 617 618 619 656 657 658 695 732 733 696 659 658 657 656 655 654 653 652 651 650 613 612 611 610 573 536 535 534 533 532 531 530 529 528 527 526 526 526 526 526 526 526 526 526 526 526 526 526 526 526 526 526 526 526 526 526 526 526 526 526 526 526 526 526 526 526 526 526 526 526 526 526 526 526 526 526 526 526 526 526 526 526 526 526 526 526 526 526 526
6: 521 484 521 558 595 596 597 560 561 524 487 450 413 376 339 302 265 228 191 154 155 156 193 230 231 232 233 234 235 236 237 238 239 240 277 314 351 351 388 425 462 499 536 573 610 647 684 685 648 611 610 573 536 499 462 425 388 351 314 277 240 203 166 129 92 91 90 89 90 91 92 129 166 203 240 239 238 237 236 235 234 233 232 231 230 229 266 303 340 377 376 375 374 373 372 409 446 483 520 557 594 631 668 669 670 671 672 673 674 675 676 677 678 679 680 681 682 683 684 685 686 687 688 651 614 613 612 611 610 573 536 499 462 461 460 459 458 457 456 455 454 453 452 451 414 377 340 303 266 229 192 191 190 189 188 151 188 225 262 299 336 373 410 447 448 449 450 451 452 453 454 455 456 457 458 459 460 461 462 463 464 463 462 425 388 351 314 277 240 203 166 129 92 93 94 95 96 97 98 99 98 97 96 95 94 93 92 129 166 203 202 201 200 199 198 197 196 195 194 193 230 229 266 303 340 377 414 451 488 487 524 561 598 635 672 709 746 747 748 749 750 751 752 753 754 755 756 757 758 759 760 761 762 763 764 765 766 767 768 769 770 771 734 697 660 623 586 549 548 547 546 545 544 543 542 541 540 539 538 537 536 535 534 533 532 531 530 531 532 533 534 535 498 535 536 537 538 539 540 541 504 467 466 465 464 463 462 425 388 387 388 425 462 461 460 459 458 495 532 533 532 495 458 459 460 461 462 425 388 351 314 277 240 203 166 129 92 91 92 93 94 95 94 93 92 129 166 203 240 277 314 351 388 389 390 391 392 355 318 317 316 315 314 277 240 203 166 165 164 163 162 161 198 199 200 237 238 239 240 277 314 351 388 425 462 499 536 573 610 647 684 721 758 759 760 761 762 763 764 765 766 765 764 763 762 761 760 759 758 721 684 647 610 573 536 499 462 425 388 351 314 277 240 203 202 201 200 199 198 197 196 195 194 193 156 155 118 117 116 115 114 113 150 187 224 225 226 227 228 229 230 231 232 233 234 235 236 237 238 239 240 241 242 243 242 241 240 277 314 351 388 425 462 463 464 465 466 465 464 463 462 461 461 461 462 461 462 425 388 351 314 277 240 241 242 243 242 241 240 277 314 313 312 311 310 309 308 345 346 347 348 349 350 387 388 425 462 499 500 537 538 539 540 541 542 543 544 545 546 509 472 471 470 469 468 467 466 465 464 463 462 425 388 351 350 349 348 347 346 345 344 343 342 341 340 339 376 413 450 487 524 561 524 487 450 451 414 377 340 341 304 305 306 307 308 309 310 311 312 313 314 277 240 203 166 167 166 165 202 239 239 240 277 314 351 388 425 462 463 464 465 466 467 504 505 506 469 470 469 468 467 466 465 464 463 462 425 388 387 387 387 388 389 390 389 388 425 462 499 536 573 610 647 684 685 686 687 688 689 652 615 614 613 650 649 648 647 646 645 644 643 642 641 640 639 638 637 636 635 634 633 632 633 634 635 636 637 638 639 640 641 642 643 644 645 646 683 684 685 686 687 688 689 690 653 616 615 614 613 612 611 610 609 608 607 606 605 604 603 602 601 600 599 562 525 488 451 414 377 340 339 302 303 304 305 306 307 308 309 310 311 312 313 314 315 316 317 318 319 320 321 358 395 394 393 392 391 390 389 388 425 462 499 536 573 610 647 646 645 644 643 642 641 640 639 638 675 674 673 672 635 598 561 524 487 450 413 376 413 450 487 524 561 598 635 672 709 746 747 748 749 750 751 752 753 754 755 756 757 756 755 754 791 790 789 752 789 790 791 792 793 794 795 796 797 798 761 762 763 764 801 764 763 762 761 760 760 759 758 721 684 683 682 683 684 721 758 759 760 761 762 761 760 759 758 721 684 647 610 573 536 537 538 539 540 541 542 505 468 467 466 465 464 463 462 425 388 351 314 277 240 203 166 129 92 91 90 89 88 87 86 49 48 85 84 83 82 81 118 155 192 229 266 303 340 377 414 451 488 487 486 449 412 375 338 301 264 227 190 153 116 79 78 77 114 151 188 225 262 299 336 373 410 447 484 521 558 595 632 669 670 671 672 673 674 675 676 677 678 679 680 681 682 683 684 685 686 687 688 689 690 691 692 693 694 693 692 691 690 689 688 687 686 685 684 721 758 757 756 755 754 755 756 757 758 721 684 685 686 687 688 689 690 691 692 693 656 619 620 621 584 547 510 473 436 399 362 325 288 289 252 215 178 141 104 141 178 215 252 289 326 363 400 437 474 511 548 585 622 659 696 695 694 693 692 691 690 689 688 689 690 691 692 693 694 695 732 733 734 697 660 659 658 657 620 619 618 617 616 615 614 613 612 611 610 609 608 608 608 608 608 608 608 608 608 608 608 608 608 608 608 608 608 608 608 608 608 608 608 608 608 608 608 608 608 608 608 608 608 608 608 608 608 608 608 608 608 608 608 608 608 608 608 608 608 608
7: 551 588 551 514 477 440 403 366 367 330 293 256 219 182 145 182 219 256 293 330 367 404 403 402 401 400 399 398 397 396 395 394 393 392 391 390 389 388 387 386 385 384 383 382 381 380 379 378 377 414 413 412 411 410 409 372 335 298 261 224 187 150 113 76 113 150 187 224 261 298 335 372 409 446 483 520 521 522 523 524 525 526 527 490 453 452 451 414 377 376 339 302 265 228 229 230 231 232 233 234 235 236 237 238 239 240 277 314 351 388 425 462 499 536 573 610 647 684 721 758 759 760 760 797 798 799 800 763 764 763 762 761 798 797 796 759 758 721 684 647 610 573 536 499 498 497 496 495 494 493 492 491 490 489 488 487 486 523 560 597 634 671 672 673 674 675 676 677 678 679 680 681 682 683 684 685 686 649 612 611 610 573 536 499 462 425 388 387 386 385 348 347 346 383 382 381 380 343 306 305 304 303 266 229 230 231 232 231 230 229 266 303 340 377 414 451 488 525 562 599 636 673 672 635 598 561 524 487 450 413 376 339 302 303 304 305 306 307 308 309 310 311 312 313 314 277 240 203 166 129 92 93 94 95 96 97 98 99 98 97 96 95 94 93 92 91 90 89 88 87 86 85 84 47 46 45 82 81 118 117 154 155 156 157 158 195 232 233 234 235 236 237 238 239 240 277 314 351 388 389 390 391 392 393 394 395 396 397 398 399 400 437 400 399 398 361 360 359 358 357 356 319 318 317 316 315 314 313 312 311 310 309 308 307 306 305 304 303 266 229 230 231 232 233 234 235 236 237 238 239 240 241 242 243 244 245 246 247 248 249 250 249 248 247 246 245 244 243 242 241 240 277 314 351 388 389 388 425 462 499 536 573 610 647 684 721 758 757 756 755 754 753 752 751 750 749 748 747 746 709 672 635 598 561 524 487 450 413 376 339 340 341 342 343 344 345 346 347 348 349 350 351 352 353 354 355 356 357 358 359 360 361 362 363 326 327 290 253 216 215 214 213 212 211 210 209 208 171 170 169 168 167 166 129 92 91 90 89 88 87 86 85 84 83 84 85 86 87 88 89 90 91 92 129 166 203 240 277 314 351 388 425 462 499 536 537 538 539 540 541 542 543 544 545 546 547 584 585 622 621 620 657 694 657 656 655 654 617 616 615 614 613 612 611 610 573 536 535 534 533 532 495 496 497 498 498 499 462 425 388 351 314 277 240 203 166 165 164 163 162 161 160 161 162 163 164 165 166 167 168 169 170 171 172 173 172 209 246 245 244 243 242 241 240 277 277 314 313 350 349 348 347 346 345 382 381 380 379 342 305 306 307 308 309 310 311 312 313 314 277 240 241 242 243 244 245 246 247 248 249 250 251 288 325 362 399 436 473 510 509 508 507 506 505 542 541 540 539 502 465 464 463 462 461 460 459 458 457 456 455 454 453 452 452 452 451 414 377 340 303 266 229 230 229 266 303 302 339 340 377 414 451 488 525 562 599 636 673 674 675 676 677 678 679 680 681 682 681 680 679 678 677 676 675 674 637 636 635 598 561 524 525 526 527 528 529 492 493 494 531 532 533 534 535 536 537 538 539 540 541 504 467 468 505 542 541 540 539 538 537 536 573 610 647 684 683 682 681 644 607 606 605 604 605 606 607 608 609 610 573 536 499 462 425 388 387 386 385 386 387 388 425 462 463 464 501 538 537 536 573 610 647 684 721 758 757 756 755 754 753 754 755 756 757 758 721 684 647 610 573 536 499 462 425 388 351 314 313 312 311 348 385 386 387 388 425 462 461 460 497 534 535 536 573 610 647 684 721 758 759 760 761 762 763 764 765 766 767 768 769 732 695 658 621 584 547 510 473 436 399 362 325 288 251 250 249 248 247 246 247 248 249 250 251 252 253 254 255 218 217 216 215 214 213 212 211 210 209 208 207 206 205 204 203 202 201 200 199 198 197 196 195 194 157 156 155 118 81 82 83 84 85 86 87 50 51 52 89 90 91 92 129 166 203 240 277 314 351 352 353 390 391 392 393 394 395 396 395 394 394 393 392 391 390 389 388 425 462 499 536 535 534 533 532 531 530 529 528 527 526 525 562 561 560 559 558 595 596 597 598 599 600 601 602 603 604 605 606 607 608 609 610 611 612 613 614 615 616 617 618 619 620 621 584 547 546 545 544 543 542 541 542 543 544 545 546 547 584 621 658 695 696 659 622 585 548 548 511 474 437 400 363 326 289 252 215 178 141 142 179 216 253 290 327 364 401 438 475 512 549 586 623 660 697 660 659 658 657 656 655 654 653 652 615 614 651 652 653 690 691 692 693 694 695 732 733 734 697 696 695 694 693 692 655 654 653 652 651 650 687 686 685 684 683 683 683 683 683 683 683 683 683 683 683 683 683 683 683 683 683 683 683 683 683 683 683 683 683 683 683 683 683 683 683 683 683 683 683 683 683 683 683 683 683 683 683 683 683 683 683 683 683 683 683 683 683
8: 663 662 625 588 551 514 477 440 403 366 365 328 291 254 217 180 181 182 219 256 293 330 367 404 441 478 515 552 589 626 625 624 623 622 621 620 619 618 617 616 615 614 613 612 611 610 609 646 645 644 643 606 605 604 603 602 601 602 603 604 605 606 607 608 609 610 573 536 499 462 425 388 351 314 277 240 203 166 167 168 169 170 171 172 173 174 175 176 177 140 141 142 143 144 181 218 255 292 329 366 403 440 477 514 551 588 625 662 699 736 773 772 771 770 769 768 767 766 765 764 763 800 799 798 761 760 759 758 758 757 758 721 684 647 610 573 536 537 538 539 540 541 542 505 468 467 466 465 464 463 462 425 388 351 314 315 352 389 388 425 462 461 460 459 458 457 456 455 454 491 490 453 454 491 528 527 526 525 562 599 636 673 710 747 748 749 750 787 750 751 752 753 754 755 756 757 758 721 684 647 610 573 536 499 462 425 388 389 390 391 392 393 394 395 396 397 398 399 436 473 510 547 584 621 620 619 618 617 618 619 620 621 584 547 510 511 512 513 514 515 478 477 440 403 366 329 292 255 218 181 180 179 178 177 176 175 174 173 172 171 170 169 168 167 166 165 164 163 162 199 236 237 238 239 240 277 314 351 388 425 462 499 536 573 610 647 684 683 682 681 682 645 608 609 610 573 536 499 462 425 388 351 314 277 240 203 166 129 92 93 94 95 96 97 98 99 100 101 102 103 140 177 176 175 174 173 172 171 170 207 244 243 242 241 240 277 314 351 388 425 462 499 536 537 538 539 540 541 542 543 544 545 546 547 584 585 586 587 588 587 586 549 512 475 474 473 472 471 470 471 472 473 436 399 362 325 288 251 214 177 140 103 102 101 100 99 98 97 96 95 94 93 92 129 166 203 240 277 314 351 388 387 386 385 384 383 382 381 380 379 378 377 376 375 374 373 372 409 446 447 484 521 558 595 632 669 670 671 672 635 598 561 524 487 450 449 448 447 446 483 484 447 448 449 450 451 452 451 450 413 376 339 302 303 266 229 230 231 232 233 234 235 236 199 162 161 198 235 234 233 232 231 230 229 266 303 340 377 414 451 450 449 448 447 446 483 520 557 558 521 484 447 410 373 336 337 338 339 340 341 342 343 344 345 346 347 348 349 350 351 352 353 316 317 318 319 320 321 358 395 396 397 398 399 436 473 510 547 584 621 658 659 660 697 660 623 586 549 512 475 438 401 400 399 398 397 396 395 394 393 392 391 390 389 388 387 386 385 384 383 382 381 380 343 306 307 308 309 310 311 312 313 314 277 240 241 242 205 206 207 244 245 246 247 248 249 250 213 176 213 250 251 288 325 362 399 436 473 510 511 512 475 438 401 400 363 362 361 360 359 358 357 356 355 354 353 352 389 390 389 388 351 350 349 386 385 384 383 382 381 380 379 378 377 414 413 450 487 524 561 598 597 596 595 594 631 632 633 634 635 598 561 524 487 450 413 376 339 302 265 228 191 154 191 228 265 302 339 340 341 342 343 344 345 346 347 348 349 350 387 388 389 390 391 392 393 394 395 358 321 320 319 318 317 316 315 314 277 240 241 242 243 206 169 168 167 166 129 92 91 92 129 166 203 240 277 314 351 388 425 462 499 536 573 610 647 646 645 644 643 680 679 678 677 676 639 602 603 604 603 602 601 600 599 562 525 488 451 452 453 454 491 528 491 492 493 494 495 496 497 498 461 462 463 464 465 466 467 468 469 470 471 472 473 474 511 512 475 438 401 364 327 290 253 216 179 178 177 176 175 174 173 172 171 170 169 168 167 166 165 166 129 92 93 94 93 92 129 166 203 240 277 314 351 388 425 462 499 536 573 610 609 608 607 606 605 604 603 602 601 600 599 562 525 526 527 528 529 530 531 532 533 534 535 536 573 610 647 648 649 650 651 652 653 654 655 656 657 658 659 622 585 548 511 474 437 400 363 326 289 252 215 178 141 104 103 102 101 100 99 98 97 96 95 94 93 92 91 90 89 52 51 50 87 86 85 84 83 82 81 118 155 192 229 266 303 340 339 302 265 228 191 154 117 80 81 82 83 84 85 86 85 84 83 82 81 118 155 192 229 266 303 340 377 414 451 488 525 526 527 528 529 530 531 532 533 534 535 536 573 610 611 612 613 614 615 652 653 654 617 618 619 620 619 618 655 692 693 694 695 732 769 768 767 766 765 764 801 764 765 766 767 768 769 770 771 734 697 660 623 586 549 548 547 510 509 472 471 470 469 468 467 466 465 464 463 462 461 460 459 458 457 456 455 454 453 452 451 450 449 448 447 484 521 558 595 632 633 634 635 636 637 638 639 640 641 642 643 644 645 646 647 648 685 686 687 688 689 690 691 692 693 694 695 732 769 770 771 734 697 660 623 586 549 512 511 510 509 508 507 506 505 504 503 502 501 500 499 462 461 460 459 458 457 456 455 454 453 452 451 414 413 412 411 410 409
9: 700 737 700 663 626 589 552 515 478 441 440 403 366 329 292 255 218 255 292 329 366 403 440 477 514 551 588 625 624 623 622 621 620 619 618 617 616 615 614 613 612 611 610 609 608 608 608 609 610 573 536 499 462 425 388 351 314 315 316 317 318 319 318 355 392 391 390 389 388 387 386 385 384 383 382 381 380 379 378 377 414 451 488 525 562 599 636 673 674 637 600 601 602 603 604 605 606 607 608 609 610 573 536 499 462 425 388 351 352 315 316 317 318 319 320 321 322 323 324 325 288 251 214 177 178 179 180 181 182 219 256 293 330 367 404 403 402 401 400 399 398 397 396 395 394 393 392 391 390 389 388 387 386 385 348 311 310 309 308 307 306 305 304 303 302 301 300 299 298 261 298 335 372 409 446 483 520 557 594 631 668 705 742 743 744 745 746 747 748 749 750 751 752 753 754 755 756 757 758 721 684 647 610 573 536 499 499 462 425 388 351 314 277 240 203 166 165 164 165 166 167 168 169 206 243 242 241 240 277 314 315 316 317 318 319 320 321 322 359 396 397 398 399 436 473 510 547 584 621 658 659 660 661 662 699 698 697 696 695 694 693 692 691 690 689 688 687 686 685 684 683 682 681 680 679 678 677 676 675 674 673 672 671 672 635 636 637 638 639 640 641 604 605 606 607 608 609 610 573 536 537 538 539 540 541 542 543 544 545 546 547 584 621 620 619 618 617 616 615 652 653 654 655 656 657 658 659 660 661 662 699 662 625 588 551 514 477 440 403 402 401 400 399 362 361 360 359 358 357 356 355 354 353 352 351 350 349 348 347 346 345 344 343 342 341 340 339 338 337 336 335 298 261 224 225 226 227 228 229 230 193 156 193 230 229 266 303 340 377 414 451 488 525 562 599 636 673 672 671 670 669 632 595 558 521 484 447 410 373 336 299 262 225 226 227 228 229 230 231 232 195 158 159 160 161 162 163 164 165 166 167 166 129 92 93 94 95 96 97 96 95 94 93 92 129 166 203 240 277 314 351 388 425 462 499 536 535 534 533 532 531 530 529 528 527 526 525 562 599 636 673 710 747 746 745 744 743 706 669 632 595 558 521 522 523 524 525 526 527 528 529 530 493 456 457 458 459 460 461 462 425 388 351 352 353 316 317 318 319 320 321 322 323 322 321 358 395 394 393 392 391 390 389 388 425 462 461 460 459 458 457 456 455 454 453 452 451 450 449 448 447 484 521 558 521 484 447 410 373 336 299 300 301 302 303 304 305 306 307 308 309 310 311 312 313 314 315 316 317 354 391 390 389 388 425 462 499 536 573 610 647 684 683 682 681 680 643 606 605 604 603 602 601 600 599 562 525 488 451 414 377 340 303 302 301 300 299 336 373 410 447 484 521 522 523 486 523 560 597 634 633 632 631 632 595 558 521 484 447 410 373 374 375 376 377 378 379 380 343 344 345 382 383 384 385 386 349 312 311 310 347 384 383 382 381 380 379 378 377 414 451 488 487 486 485 484 447 410 373 336 299 336 373 410 447 448 449 450 451 452 453 454 455 456 457 458 459 460 461 462 463 464 465 466 467 468 469 470 471 472 473 436 399 362 325 324 361 398 397 396 395 394 393 392 391 390 389 388 425 462 499 498 461 460 459 458 457 456 455 454 453 452 489 526 525 524 561 598 635 634 633 632 631 668 705 742 743 744 745 746 747 748 749 748 785 784 747 710 710 673 636 599 562 525 488 489 490 491 492 455 456 457 458 459 460 497 534 535 536 573 610 647 684 721 758 757 756 793 756 755 754 753 752 751 750 749 748 747 710 673 636 599 562 525 488 451 452 453 490 527 528 529 530 531 494 457 456 455 454 453 452 451 414 377 340 303 266 229 192 155 156 157 158 157 156 155 118 81 82 81 118 155 155 192 229 266 303 340 377 414 451 488 525 562 599 600 601 602 601 600 599 562 525 526 527 528 529 530 531 494 495 532 533 534 535 536 573 610 647 684 721 758 757 758 759 760 761 762 763 764 765 766 767 768 769 732 695 658 621 584 547 510 473 436 399 362 325 288 251 250 249 248 247 210 173 174 175 176 177 140 103 102 101 100 99 98 97 96 95 94 93 92 129 166 203 240 277 314 351 388 425 462 499 536 573 610 647 684 721 758 757 756 755 754 753 752 751 750 749 748 749 750 751 752 753 790 791 792 755 756 757 758 759 760 761 762 763 764 765 766 767 768 769 732 695 658 657 656 655 654 617 616 615 614 613 612 649 686 687 688 689 690 691 692 693 656 655 654 653 652 615 614 613 612 611 610 573 536 537 538 539 540 541 542 543 544 545 546 547 584 621 658 695 732 769 770 771 770 733 696 659 658 657 656 655 654 653 652 651 650 649 648 647 646 645 644 607 606 605 604 603 602 601 601 601 601 601 601 601 601 601 601 601 601 601 601 601 601 601 601 601 601 601 601 601 601 601 601 601 601 601 601 601 601 601 601

# Tasks (task_id release_time pickup_loc delivery_loc agent completion_time)
0 0 613 632 6 661
1 0 376 594 4 108
2 0 609 319 9 61
3 0 378 446 4 447
4 0 465 608 4 602
5 0 77 238 0 192
6 0 669 167 9 430
7 0 339 321 6 730
8 0 98 558 3 641
9 0 309 594 5 686
10 0 91 247 2 322
11 0 397 446 1 641
12 0 174 759 5 474
13 0 239 543 1 251
14 0 618 605 4 517
15 0 619 289 4 935
16 0 290 437 4 799
17 0 84 659 0 919
18 0 612 470 0 687
19 0 375 315 0 497
20 0 487 770 6 260
21 0 460 104 2 785
22 0 162 762 5 357
23 0 463 767 0 748
24 0 318 674 9 88
25 0 398 600 0 799
26 0 172 413 4 565
27 0 601 144 8 93
28 0 380 250 8 586
29 0 80 396 1 475
30 0 686 381 7 195
31 0 468 324 9 705
32 0 161 542 0 396
33 0 151 537 2 28
34 0 609 83 4 267
35 0 526 241 5 713
36 0 382 169 2 469
37 0 437 107 4 651
38 0 615 413 2 186
39 0 635 541 7 699
40 0 324 413 4 97
41 0 395 243 8 701
42 0 467 387 6 309
43 0 620 618 8 964
44 0 376 757 6 788
45 0 394 324 4 72
46 0 757 384 5 493
47 0 526 631 9 742
48 0 82 602 9 857
49 0 484 597 6 6
50 0 440 446 1 789
51 0 605 239 4 621
52 0 771 447 8 1021
53 0 609 181 9 127
54 0 446 750 5 415
55 0 532 91 6 337
56 0 378 375 0 481
57 0 675 688 6 122
58 0 542 315 8 155
59 0 515 671 1 87
60 0 748 613 0 670
61 0 367 190 4 34
62 0 308 535 3 361
63 0 397 145 5 893
64 0 620 541 7 960
65 0 524 167 6 585
66 0 539 548 2 217
67 0 763 682 6 822
68 0 708 681 2 87
69 0 398 97 3 606
70 0 88 304 5 770
71 0 512 165 8 799
72 0 734 683 7 1043
73 0 680 662 5 163
74 0 689 615 6 640
75 0 165 753 2 602
76 0 693 104 6 994
77 0 689 378 4 439
78 0 528 615 0 820
79 0 537 317 3 480
80 0 771 463 2 1022
81 0 144 672 4 714
82 0 264 87 1 886
83 0 458 452 6 142
84 0 697 104 3 1026
85 0 484 452 8 446
86 0 753 453 9 807
87 0 235 452 4 190
88 0 762 544 5 373
89 0 100 93 4 999
90 0 330 472 3 11
91 0 699 315 0 1015
92 0 680 674 5 211
93 0 537 600 2 43
94 0 321 672 6 759
95 0 215 463 0 730
96 0 659 85 8 895
97 0 605 246 4 538
98 0 679 674 7 674
99 0 543 541 4 136
100 0 681 545 2 103
101 0 635 154 8 662
102 0 600 231 2 57
103 0 99 487 6 229
104 0 662 671 9 282
105 0 305 236 0 372
106 0 693 410 1 865
107 0 308 545 6 527
108 0 450 85 4 469
109 0 685 89 6 67
110 0 437 163 2 265
111 0 176 512 8 600
112 0 410 659 5 112
113 0 768 612 9 995
114 0 527 188 3 330
115 0 530 541 6 300
116 0 261 230 9 379
117 0 93 157 1 407
118 0 603 385 1 514
119 0 174 304 0 300
120 0 293 619 1 337
121 0 215 607 1 27
122 0 688 458 6 136
123 0 764 456 0 63
124 0 604 246 4 786
125 0 632 386 9 645
126 0 662 384 5 189
127 0 172 381 7 575
128 0 452 188 6 154
129 0 98 616 5 1006
130 0 693 144 0 976
131 0 552 680 5 143
132 0 322 662 9 253
133 0 96 398 3 874
134 0 604 454 8 750
135 0 167 97 9 438
136 0 762 542 6 846
137 0 97 534 9 457
138 0 612 477 0 840
139 0 315 384 0 504
140 0 771 601 9 1062
141 0 477 609 4 241
142 0 83 585 7 497
143 0 612 688 2 618
144 0 756 116 5 551
145 0 752 764 6 810
146 0 232 672 7 222
147 0 524 757 5 522
148 0 749 173 5 448
149 0 302 682 7 666
150 0 694 535 7 517
151 0 142 523 2 878
152 0 756 534 5 293
153 0 440 230 0 871
154 0 697 309 1 1010
155 0 80 367 1 319
156 0 376 540 2 207
157 0 145 409 7 54
158 0 585 620 7 501
159 0 465 230 7 642
160 0 454 750 8 187
161 0 324 236 5 331
162 0 164 756 5 281
163 0 233 237 0 261
164 0 693 512 1 977
165 0 116 117 1 283
166 0 230 676 2 147
167 0 156 631 1 427
168 0 96 760 0 131
169 0 734 375 0 1073
170 0 385 298 9 168
171 0 767 699 0 756
172 0 245 706 4 320
173 0 398 312 4 816
174 0 691 685 5 824
175 0 178 236 0 19
176 0 141 613 4 917
177 0 706 530 9 491
178 0 468 387 6 618
179 0 302 321 5 793
180 0 672 762 1 106
181 0 697 614 7 1014
182 0 169 322 9 237
183 0 316 289 3 492
184 0 182 385 9 153
185 0 389 746 7 398
186 0 450 315 1 662
187 0 321 660 8 532
188 0 384 681 5 204
189 0 526 609 5 651
190 0 699 335 9 370
191 0 261 529 4 866
192 0 542 190 0 424
193 0 250 389 7 375
194 0 243 466 6 476
195 0 604 770 3 185
196 0 394 594 0 587
197 0 80 535 3 468
198 0 460 760 7 800
199 0 391 680 9 585
200 0 390 397 1 612
201 0 86 528 8 940
202 0 474 165 1 723
203 0 241 437 4 639
204 0 771 409 8 1095
205 0 558 675 2 522
206 0 89 237 6 77
207 0 450 467 4 583
208 0 697 383 8 559
209 0 468 539 4 591
210 0 699 324 0 771
211 0 672 544 9 307
212 0 558 317 9 568
213 0 767 218 5 43
214 0 470 101 8 383
215 0 104 458 2 811
216 0 464 99 6 199
217 0 299 523 9 614
218 0 86 586 2 943
219 0 233 250 7 360
220 0 153 323 4 61
221 0 530 323 9 512
222 0 387 458 6 316
223 0 458 533 6 319
224 0 94 602 8 828
225 0 100 759 2 990
226 0 94 311 5 733
227 0 750 396 8 214
228 0 450 449 4 193
229 0 535 154 3 382
230 0 315 453 8 171
231 0 330 767 5 22
232 0 679 243 3 572
233 0 249 539 7 617
234 0 486 686 7 176
235 0 737 381 2 1076
236 0 160 173 7 554
237 0 532 757 9 882
238 0 548 246 2 231
239 0 460 753 9 791
240 0 464 754 7 758
241 0 690 235 3 732
242 0 175 181 4 671
243 0 390 688 6 637
244 0 468 681 7 717
245 0 113 243 6 463
246 0 694 754 6 960
247 0 145 235 5 917
248 0 662 181 8 16
249 0 144 248 4 662
250 0 762 246 7 828
251 0 757 164 9 217
252 0 450 477 4 221
253 0 544 615 9 318
254 0 182 601 8 56
255 0 236 764 0 43
256 0 409 76 7 63
257 0 299 468 9 695
258 0 161 446 8 484
259 0 615 662 9 329
260 0 531 158 9 832
261 0 529 188 3 785
262 0 91 676 8 734
263 0 379 246 7 596
264 0 141 477 3 138
265 0 255 157 7 863
266 0 542 743 0 648
267 0 76 527 7 82
268 0 686 378 0 478
269 0 398 243 3 887
270 0 264 102 2 736
271 0 306 231 7 341
272 0 463 709 3 56
273 0 83 245 4 287
274 0 170 543 8 349
275 0 659 552 5 119
276 0 541 552 4 148
277 0 709 602 3 63
278 0 144 761 8 124
279 0 101 460 2 760
280 0 765 603 3 283
281 0 99 158 7 284
282 0 532 162 7 539
283 0 230 764 7 128
284 0 749 459 9 773
285 0 91 95 6 341
286 0 218 608 9 44
287 0 465 141 4 895
288 0 477 604 3 163
289 0 680 299 9 606
290 0 694 389 5 871
291 0 394 321 3 949
292 0 595 390 1 605
293 0 619 310 3 527
294 0 237 409 6 95
295 0 261 757 9 197
296 0 327 83 7 463
297 0 752 692 1 833
298 0 588 104 3 125
299 0 618 515 8 239
300 0 733 526 5 1042
301 0 768 94 3 856
302 0 100 171 8 327
303 0 766 113 6 441
304 0 169 751 2 498
305 0 380 304 0 358
306 0 327 561 1 944
307 0 167 77 0 175
308 0 375 743 1 806
309 0 231 76 1 184
310 0 310 677 3 550
311 0 320 318 0 319
312 0 318 560 0 344
313 0 543 116 1 282
314 0 585 705 5 626
315 0 102 748 9 959
316 0 466 243 6 495
317 0 156 669 9 400
318 0 159 381 2 451
319 0 595 545 0 616
320 0 737 218 9 16
321 0 77 694 6 944
322 0 322 394 4 66
323 0 632 690 6 683
324 0 527 230 7 95
325 0 243 308 6 506
326 0 302 395 8 687
327 0 483 520 1 366
328 0 302 321 1 153
329 0 86 327 1 912
330 0 676 616 2 163
331 0 308 99 7 257
332 0 141 234 0 256
333 0 546 339 6 555
334 0 705 523 5 634
335 0 477 162 8 268
336 0 672 307 7 237
337 0 165 694 4 375
338 0 529 235 2 699
339 0 447 672 8 428
340 0 242 685 0 455
341 0 94 477 1 754
342 0 457 76 0 85
343 0 693 764 8 977
344 0 768 247 9 912
345 0 532 142 2 841
346 0 472 162 2 577
347 0 446 675 6 109
348 0 588 145 7 14
349 0 156 474 2 408
350 0 161 88 5 249
351 0 304 320 0 316
352 0 614 238 1 234
353 0 544 446 5 399
354 0 218 410 5 79
355 0 389 395 1 526
356 0 85 248 4 488
357 0 697 762 1 1049
358 0 379 594 8 644
359 0 390 381 8 629
360 0 95 392 6 356
361 0 383 524 5 505
362 0 734 608 6 1046
363 0 762 168 0 156
364 0 543 588 8 358
365 0 483 93 1 395
366 0 393 397 5 879
367 0 523 380 0 354
368 0 602 161 5 238
369 0 145 307 4 971
370 0 396 602 1 497
371 0 606 515 1 53
372 0 235 174 0 278
373 0 631 154 1 444
374 0 611 386 5 662
375 0 764 486 7 156
376 0 249 618 4 504
377 0 84 595 1 581
378 0 156 685 6 47
379 0 472 171 0 704
380 0 306 530 2 680
381 0 753 311 7 779
382 0 289 619 3 504
383 0 154 410 3 392
384 0 247 437 2 242
385 0 162 681 8 289
386 0 158 400 7 310
387 0 392 162 6 370
388 0 248 463 3 36
389 0 391 89 5 755
390 0 159 83 1 558
391 0 471 237 0 542
392 0 437 307 7 333
393 0 586 470 8 368
394 0 676 602 5 215
395 0 528 474 8 774
396 0 478 235 4 177
397 0 604 385 7 737
398 0 733 265 3 222
399 0 746 363 7 433
400 0 76 96 0 105
401 0 231 708 2 74
402 0 586 250 2 955
403 0 157 527 3 315
404 0 487 156 6 21
405 0 619 520 1 364
406 0 395 616 0 950
407 0 674 609 9 99
408 0 161 766 6 400
409 0 88 238 5 259
410 0 761 542 8 142
411 0 689 250 2 638
412 0 395 157 1 548
413 0 602 173 3 90
414 0 694 691 4 378
415 0 474 158 2 436
416 0 532 659 8 859
417 0 753 612 2 614
418 0 100 169 3 975
419 0 227 242 0 440
420 0 247 363 2 330
421 0 706 165 4 349
422 0 88 486 6 890
423 0 237 552 0 220
424 0 558 319 8 515
425 0 594 543 4 133
426 0 299 767 3 826
427 0 76 614 1 218
428 0 460 188 4 846
429 0 696 619 3 1003
430 0 532 694 5 852
431 0 486 631 9 622
432 0 398 452 9 731
433 0 165 470 6 607
434 0 339 561 6 561
435 0 163 688 2 287
436 0 693 537 9 1018
437 0 150 308 3 348
438 0 696 688 6 1018
439 0 669 236 3 669
440 0 241 324 3 587
441 0 544 230 2 130
442 0 762 437 1 701
443 0 174 588 3 109
444 0 393 151 5 957
445 0 690 339 6 710
446 0 380 231 7 205
447 0 749 529 3 768
448 0 321 231 1 173
449 0 321 688 5 814
450 0 585 765 3 265
451 0 302 748 3 755
452 0 532 743 9 476
453 0 749 600 4 726
454 0 391 760 1 682
455 0 396 558 7 925
456 0 752 558 2 513
457 0 97 116 3 442
458 0 688 90 2 309
459 0 85 339 8 907
460 0 396 617 8 227
461 0 465 88 6 868
462 0 290 252 4 397
463 0 410 97 3 423
464 0 614 231 2 375
465 0 310 470 0 523
466 0 310 484 9 665
467 0 466 468 4 586
468 0 672 446 8 438
469 0 113 264 2 899
470 0 762 302 1 134
471 0 151 464 6 180
472 0 450 236 8 462
473 0 176 381 2 663
474 0 241 394 0 557
475 0 472 248 3 21
476 0 693 82 4 1060
477 0 478 178 0 234
478 0 771 530 6 286
479 0 113 548 5 593
480 0 101 409 8 417
481 0 82 396 7 896
482 0 164 169 9 222
483 0 91 616 3 702
484 0 393 446 3 922
485 0 696 437 0 927
486 0 682 100 8 316
487 0 364 614 2 349
488 0 561 487 6 10
489 0 603 231 3 299
490 0 534 323 5 312
491 0 709 472 2 555
492 0 321 447 9 540
493 0 691 290 4 395
494 0 265 548 3 253
495 0 376 600 4 758
496 0 512 389 8 617
497 0 696 142 7 988
498 0 252 689 4 416
499 0 603 382 4 744
