# MAPD Framework Output
# Algorithm: TA_PRIORITIZED
# Map: 21x35 (302 task eps, 10 agents)
# Tasks: 500
# Makespan: 1016
# Sum of Task Waiting Time: 79761
# Tasks completed: 152/500
# Runtime: 2298.02 ms

# Agent paths (agent_id: loc_t0 loc_t1 ... loc_makespan)
0: 179 179 179 179 179 179 179 179 179 179 179 179 179 179 179 179 179 179 179 179 179 179 179 179 179 179 179 179 179 179 179 179 179 179 179 179 179 179 179 179 179 179 179 179 179 179 179 179 179 179 179 179 179 179 179 179 179 179 179 179 179 179 179 179 179 179 179 179 179 179 179 179 179 179 179 179 179 179 179 179 179 179 179 179 179 179 179 179 179 179 179 179 179 179 179 179 179 179 179 179 179 179 179 179 179 179 179 179 179 179 179 179 179 179 179 179 179 179 179 179 179 179 179 179 179 179 179 179 179 179 179 179 179 179 179 179 179 179 179 179 179 179 179 179 179 179 179 179 179 179 179 179 179 179 179 179 179 179 179 179 179 179 179 179 179 179 179 179 179 179 179 179 179 179 179 179 179 179 179 179 179 179 179 179 179 179 179 179 179 179 179 179 179 179 179 179 179 179 179 179 179 179 179 179 179 179 179 179 179 179 179 179 179 179 179 179 179 179 179 179 179 179 179 179 179 179 179 179 179 179 179 179 179 179 179 179 179 179 179 179 179 179 179 179 179 179 179 179 179 179 179 179 179 179 179 179 179 179 179 179 179 179 179 179 179 179 179 179 179 179 179 179 179 179 179 179 179 179 179 179 179 179 179 179 179 179 179 179 179 179 179 179 179 179 179 179 179 179 179 179 179 179 179 179 179 179 179 179 179 179 179 179 179 179 179 179 179 179 179 179 179 179 179 179 179 179 179 179 179 179 179 179 179 179 179 179 179 179 179 179 179 179 179 179 179 179 179 179 179 179 179 179 179 179 179 179 179 179 179 179 179 179 179 179 179 179 179 179 179 179 179 179 179 179 179 179 179 179 179 179 179 179 179 179 179 179 179 179 179 179 179 179 179 179 179 179 179 179 179 179 179 179 179 179 179 179 179 179 179 179 179 179 179 179 179 179 179 179 179 179 179 179 179 179 179 179 179 179 179 179 179 179 179 179 179 179 179 179 179 179 179 179 179 179 179 179 179 179 179 179 179 179 179 179 179 179 179 179 179 179 179 179 179 179 179 179 179 179 179 179 179 179 179 179 179 179 179 179 179 179 179 179 179 179 179 179 179 179 179 179 179 179 179 179 179 179 179 179 179 179 179 179 179 179 179 179 179 179 179 179 179 179 179 179 179 179 179 179 179 179 179 179 179 179 179 179 179 179 179 179 179 179 179 179 179 179 179 179 179 179 179 179 179 179 179 179 179 179 179 179 179 179 179 179 179 179 179 179 179 179 179 179 179 179 179 179 179 179 179 179 179 179 179 179 179 179 179 179 179 179 179 179 179 179 179 179 179 179 179 179 179 179 179 179 179 179 179 179 179 179 179 179 179 179 179 179 179 179 179 179 179 179 179 179 179 179 179 179 179 179 179 179 179 179 179 179 179 179 179 179 179 179 179 179 179 179 179 179 179 179 179 179 179 179 179 179 179 179 179 179 179 179 179 179 179 179 179 179 179 179 179 179 179 179 179 179 179 179 179 179 179 179 179 179 179 179 179 179 179 179 179 179 179 179 179 179 179 179 179 179 179 179 179 179 179 179 179 179 179 179 179 179 179 179 179 179 179 179 179 179 179 179 179 179 179 179 179 179 179 179 179 179 179 179 179 179 179 179 179 179 179 179 179 179 179 179 179 179 179 179 179 179 179 179 179 179 179 179 179 179 179 179 179 179 179 179 179 179 179 179 179 179 179 179 179 179 179 179 179 179 179 179 179 179 179 179 179 179 179 179 179 179 179 179 179 179 179 179 179 179 179 179 179 179 179 179 179 179 179 179 179 179 179 179 179 179 179 179 179 179 179 179 179 179 179 179 179 179 179 179 179 179 179 179 179 179 179 179 179 179 179 179 179 179 179 179 179 179 179 179 179 179 179 179 179 179 179 179 179 179 179 179 179 179 179 179 179 179 179 179 179 179 179 179 179 179 179 179 179 179 179 179 179 179 179 179 179 179 179 179 179 179 179 179 179 179 179 179 179 179 179 179 179 179 179 179 179 179 179 179 179 179 179 179 179 179 179 179 179 179 179 179 179 179 179 179 179 179 179 179 179 179 179 179 179 179 179 179 179 179 179 179 179 179 179 179 179 179 179 179 179 179 179 179 179 179 179 179 179 179 179 179 179 179 179 179 179 179 179 179 179 179 179 179 179 179 179 179 179 179 179 179 179 179 179 179 179 179 179 179 179 179 179 179 179 179 179 179 179 179 179 179 179 179 179 179 179 179 179 179 179 179 179 179 179 179 179 179 179 179 179 179 179 179 179 179 179
1: 216 215 252 289 326 363 400 437 474 473 472 471 470 469 468 467 466 465 464 463 464 463 462 425 388 351 314 277 240 203 166 129 92 93 94 95 96 97 98 99 98 97 96 95 94 93 92 129 166 203 240 277 314 351 388 425 462 499 498 497 496 495 494 493 492 491 490 489 488 487 450 413 376 377 378 379 380 381 382 345 308 309 310 311 312 313 314 277 240 203 166 167 168 169 206 243 242 241 240 277 314 351 388 425 462 499 536 573 610 647 684 721 758 757 756 755 754 753 752 751 752 751 750 749 748 747 710 673 636 599 562 561 560 559 558 559 522 485 448 411 374 337 300 301 302 303 304 305 306 307 308 309 310 311 312 313 314 315 316 317 318 319 356 393 394 395 396 397 398 399 436 437 400 363 326 289 252 215 178 141 104 105 106 107 144 181 218 255 292 291 328 365 402 439 476 513 550 587 624 661 698 697 696 695 694 693 692 691 690 689 688 687 686 685 684 683 682 681 680 679 678 677 676 675 674 673 672 709 746 747 748 749 750 751 752 753 754 755 756 757 758 759 760 761 762 763 764 763 762 761 760 759 758 721 684 647 610 573 536 499 498 497 496 495 494 493 492 491 490 489 488 487 486 487 450 413 376 339 302 265 228 191 154 155 156 155 118 81 82 83 84 85 86 87 88 89 90 91 92 129 166 203 240 277 314 351 388 425 462 499 536 537 538 539 540 541 542 543 544 545 546 547 584 585 586 549 512 475 474 473 472 471 470 471 472 473 436 399 362 325 288 251 214 177 140 103 102 101 100 99 98 97 96 95 94 93 94 95 94 93 92 129 166 203 240 277 314 351 388 389 390 391 392 393 394 357 320 321 322 323 324 361 398 397 396 395 394 393 392 391 390 389 388 387 386 385 384 383 382 381 380 379 378 377 414 413 450 487 524 525 526 527 490 489 488 451 414 377 340 303 266 229 230 193 156 155 118 81 82 83 84 85 86 87 88 89 90 91 92 129 166 203 240 239 238 239 240 241 242 243 244 245 246 247 248 249 250 251 288 325 362 399 436 437 474 511 512 475 438 401 400 399 398 397 396 395 394 393 392 391 390 389 390 391 354 317 316 315 314 277 240 203 166 129 92 91 90 89 90 91 92 129 166 203 240 241 242 243 244 245 246 247 248 249 250 251 288 325 362 399 436 473 510 547 546 545 544 543 542 541 540 539 502 465 466 467 468 469 470 471 472 473 436 399 362 325 288 251 214 177 140 141 178 215 252 289 326 363 400 437 474 475 476 477 478 441 404 367 330 293 256 219 182 181 180 179 178 141 178 215 252 289 326 363 400 437 474 511 548 585 622 621 620 619 618 617 616 615 614 613 650 649 648 647 646 645 644 643 642 641 640 639 638 637 636 635 634 633 632 669 706 743 744 745 746 747 748 749 748 747 710 673 636 599 562 525 526 527 528 529 492 455 454 453 452 451 414 377 340 303 266 229 192 191 190 189 188 151 114 113 150 187 224 225 226 227 228 229 230 231 232 233 234 235 236 237 238 239 240 241 242 243 242 241 240 277 314 351 388 389 390 391 392 393 394 357 320 321 320 319 318 317 316 315 314 277 240 239 238 237 236 235 234 197 234 233 232 231 230 229 266 303 302 303 304 305 306 307 308 309 310 311 312 313 314 315 316 317 318 319 320 321 358 395 394 393 392 391 390 389 388 425 462 461 460 459 458 457 456 455 454 453 452 451 450 449 448 447 448 449 450 449 450 451 452 453 454 455 456 457 458 459 460 461 462 463 464 465 466 467 468 469 470 471 472 473 436 399 362 325 324 325 326 327 364 401 438 475 512 511 510 509 508 507 506 505 504 503 540 539 538 537 536 535 534 533 532 531 530 529 528 527 526 525 562 561 562 562 525 526 525 562 599 636 635 634 633 632 631 632 633 634 635 636 637 638 639 640 677 678 679 680 681 682 683 684 685 686 687 688 689 690 691 654 617 618 619 620 621 584 547 510 473 436 399 362 325 288 289 290 327 364 401 438 437 474 437 400 363 326 289 252 215 178 177 176 175 174 173 172 171 170 169 168 167 166 165 202 239 240 277 314 351 388 425 462 463 464 465 466 467 468 469 470 471 472 473 436 399 362 325 288 251 214 177 176 175 174 173 172 171 172 209 246 245 244 243 242 241 240 277 314 351 388 387 386 385 384 383 382 381 380 379 378 377 414 413 412 412 375 412 449 486 523 560 597 634 671 708 745 744 743 706 669 632 595 558 559 522 485 448 411 374 337 300 263 226 227 228 229 230 231 232 233 234 235 236
2: 225 262 263 264 227 190 153 116 79 80 81 82 83 84 85 86 87 86 85 84 83 82 81 118 155 192 229 266 303 340 377 414 451 488 525 526 527 528 491 454 455 456 457 458 459 460 461 462 463 464 465 466 467 468 469 470 471 472 473 474 437 400 363 326 289 252 215 178 177 176 175 174 173 172 171 170 169 168 167 166 165 164 163 162 161 160 159 158 195 232 233 234 235 236 237 238 239 240 277 314 351 388 389 390 391 392 393 394 395 396 397 398 399 400 437 474 511 548 585 622 659 696 733 734 697 696 695 694 693 692 691 690 689 688 687 686 685 684 683 684 685 686 649 612 611 610 573 536 499 462 425 388 387 386 385 384 383 382 381 380 379 378 377 414 451 450 449 448 447 446 409 372 373 374 375 338 301 302 303 304 305 306 307 308 309 310 311 312 313 314 315 316 317 318 319 320 321 322 323 324 325 288 289 326 363 400 437 474 511 548 585 622 621 620 619 618 619 620 621 584 547 510 511 512 513 514 515 478 441 404 367 330 293 256 255 254 253 252 251 250 249 248 247 246 245 244 243 242 241 240 239 238 237 236 235 198 161 162 163 164 165 166 129 92 91 90 89 88 87 86 85 84 83 82 81 118 155 192 229 266 303 304 305 306 307 308 345 382 383 384 385 386 387 388 425 462 499 536 535 498 461 460 459 458 457 456 455 454 453 452 451 414 377 340 303 266 229 192 155 154 191 228 265 302 339 376 413 412 411 410 373 336 299 336 373 410 447 484 521 522 523 486 523 560 597 634 671 672 673 674 675 676 677 678 679 680 681 682 683 684 685 686 687 688 689 652 615 616 617 618 619 618 617 616 615 614 613 612 611 610 573 536 499 499 462 425 388 351 314 313 312 311 310 347 384 383 382 381 380 379 378 377 414 451 488 487 486 485 484 447 448 449 450 451 452 453 454 455 456 457 458 459 460 459 458 457 456 455 454 453 452 451 414 377 340 303 266 229 192 191 190 189 188 151 114 77 114 151 188 225 262 299 336 373 410 447 484 521 558 595 632 669 670 671 672 673 674 675 676 677 678 679 680 681 682 683 684 685 686 687 688 689 690 691 692 693 694 695 732 769 768 769 732 695 658 621 584 547 510 473 436 399 362 325 288 251 250 249 248 247 210 173 174 211 248 247 246 245 244 243 242 241 240 277 314 313 312 311 310 309 308 307 306 305 304 303 266 229 230 231 232 233 234 235 236 237 238 239 240 277 314 351 388 425 462 499 536 573 610 647 684 721 758 759 760 761 762 763 764 765 764 763 762 761 760 759 758 721 684 647 610 609 608 607 606 605 604 603 602 601 600 599 562 525 488 451 414 377 340 303 266 229 230 231 232 231 230 229 266 303 340 377 414 451 488 525 562 599 636 673 672 635 598 561 524 525 526 527 528 529 530 531 532 533 534 535 536 537 538 539 540 541 542 543 544 545 546 547 584 621 620 619 618 617 616 615 614 613 612 611 610 573 536 499 462 461 460 459 458 457 456 455 454 453 452 451 414 413 376 413 450 487 524 561 598 635 672 709 746 747 748 749 750 751 752 753 754 755 756 757 758 721 684 647 610 573 536 499 462 425 388 351 314 277 240 203 166 165 164 201 238 239 240 277 314 351 388 425 462 499 536 573 610 647 684 721 758 757 756 757 758 721 684 647 610 573 536 535 534 497 460 497 534 535 536 573 610 647 684 721 758 757 756 755 754 753 752 753 754 755 756 757 758 759 760 761 762 763 764 765 766 765 764 763 762 761 760 759 758 721 684 647 610 573 536 499 462 425 388 351 314 277 240 203 166 165 164 163 162 161 160 159 158 157 156 155 118 117 116 115 114 113 150 187 224 261 262 263 264 265 302 339 376 413 450 487 524 525 526 527 528 529 530 531 532 533 534 535 536 537 538 539 540 541 542 543 544 545 546 547 548 585 622 659 696 695 694 693 656 619 618 617 616 615 614 613 612 611 610 573 536 499 462 425 388 351 314 277 240 203 166 129 92 91 90 89 88 87 86 85 84 83 82 81 118 155 192 229 266 303 340 377 414 451 488 525 562 599 600 601 602 601 600 599 562 525 488 451 414 377 340 303 266 229 192 155 156 157 158 159 160 161 160 159 158 157 156 155 118 81 82 83 84 85 86 87 88 89 90 91 92 129 166 203 240 241 242 243 244 245 244 243 242 241 240 277 314 351 388 425 462 499 536 573 610 647 684 683 682 681 680 679 678 677 676 675 674 673 710 709 708 707 706 669 632 595 558 521 522 523 524 525 526 527 528 529 530
3: 329 329 329 329 329 329 329 329 329 329 329 329 329 329 329 329 329 329 329 329 329 329 329 329 329 329 329 329 329 329 329 329 329 329 329 329 329 329 329 329 329 329 329 329 329 329 329 329 329 329 329 329 329 329 329 329 329 329 329 329 329 329 329 329 329 329 329 329 329 329 329 329 329 329 329 329 329 329 329 329 329 329 329 329 329 329 329 329 329 329 329 329 329 329 329 329 329 329 329 329 329 329 329 329 329 329 329 329 329 329 329 329 329 329 329 329 329 329 329 329 329 329 329 329 329 329 329 329 329 329 329 329 329 329 329 329 329 329 329 329 329 329 329 329 329 329 329 329 329 329 329 329 329 329 329 329 329 329 329 329 329 329 329 329 329 329 329 329 329 329 329 329 329 329 329 329 329 329 329 329 329 329 329 329 329 329 329 329 329 329 329 329 329 329 329 329 329 329 329 329 329 329 329 329 329 329 329 329 329 329 329 329 329 329 329 329 329 329 329 329 329 329 329 329 329 329 329 329 329 329 329 329 329 329 329 329 329 329 329 329 329 329 329 329 329 329 329 329 329 329 329 329 329 329 329 329 329 329 329 329 329 329 329 329 329 329 329 329 329 329 329 329 329 329 329 329 329 329 329 329 329 329 329 329 329 329 329 329 329 329 329 329 329 329 329 329 329 329 329 329 329 329 329 329 329 329 329 329 329 329 329 329 329 329 329 329 329 329 329 329 329 329 329 329 329 329 329 329 329 329 329 329 329 329 329 329 329 329 329 329 329 329 329 329 329 329 329 329 329 329 329 329 329 329 329 329 329 329 329 329 329 329 329 329 329 329 329 329 329 329 329 329 329 329 329 329 329 329 329 329 329 329 329 329 329 329 329 329 329 329 329 329 329 329 329 329 329 329 329 329 329 329 329 329 329 329 329 329 329 329 329 329 329 329 329 329 329 329 329 329 329 329 329 329 329 329 329 329 329 329 329 329 329 329 329 329 329 329 329 329 329 329 329 329 329 329 329 329 329 329 329 329 329 329 329 329 329 329 329 329 329 329 329 329 329 329 329 329 329 329 329 329 329 329 329 329 329 329 329 329 329 329 329 329 329 329 329 329 329 329 329 329 329 329 329 329 329 329 329 329 329 329 329 329 329 329 329 329 329 329 329 329 329 329 329 329 329 329 329 329 329 329 329 329 329 329 329 329 329 329 329 329 329 329 329 329 329 329 329 329 329 329 329 329 329 329 329 329 329 329 329 329 329 329 329 329 329 329 329 329 329 329 329 329 329 329 329 329 329 329 329 329 329 329 329 329 329 329 329 329 329 329 329 329 329 329 329 329 329 329 329 329 329 329 329 329 329 329 329 329 329 329 329 329 329 329 329 329 329 329 329 329 329 329 329 329 329 329 329 329 329 329 329 329 329 329 329 329 329 329 329 329 329 329 329 329 329 329 329 329 329 329 329 329 329 329 329 329 329 329 329 329 329 329 329 329 329 329 329 329 329 329 329 329 329 329 329 329 329 329 329 329 329 329 329 329 329 329 329 329 329 329 329 329 329 329 329 329 329 329 329 329 329 329 329 329 329 329 329 329 329 329 329 329 329 329 329 329 329 329 329 329 329 329 329 329 329 329 329 329 329 329 329 329 329 329 329 329 329 329 329 329 329 329 329 329 329 329 329 329 329 329 329 329 329 329 329 329 329 329 329 329 329 329 329 329 329 329 329 329 329 329 329 329 329 329 329 329 329 329 329 329 329 329 329 329 329 329 329 329 329 329 329 329 329 329 329 329 329 329 329 329 329 329 329 329 329 329 329 329 329 329 329 329 329 329 329 329 329 329 329 329 329 329 329 329 329 329 329 329 329 329 329 329 329 329 329 329 329 329 329 329 329 329 329 329 329 329 329 329 329 329 329 329 329 329 329 329 329 329 329 329 329 329 329 329 329 329 329 329 329 329 329 329 329 329 329 329 329 329 329 329 329 329 329 329 329 329 329 329 329 329 329 329 329 329 329 329 329 329 329 329 329 329 329 329 329 329 329 329 329 329 329 329 329 329 329 329 329 329 329 329 329 329 329 329 329 329 329 329 329 329 329 329 329 329 329 329 329 329 329 329 329 329 329 329 329 329 329 329 329 329 329 329 329 329 329 329 329 329 329 329 329 329 329 329 329 329 329 329 329 329 329 329 329 329 329 329 329 329 329 329 329 329 329 329 329 329 329 329 329 329 329 329 329 329 329 329 329 329 329 329 329 329 329 329 329 329 329 329 329 329 329 329 329 329 329 329 329 329 329 329 329 329 329 329 329
4: 366 366 366 366 366 366 366 366 366 366 366 366 366 366 366 366 366 366 366 366 366 366 366 366 366 366 366 366 366 366 366 366 366 366 366 366 366 366 366 366 366 366 366 366 366 366 366 366 366 366 366 366 366 366 366 366 366 366 366 366 366 366 366 366 366 366 366 366 366 366 366 366 366 366 366 366 366 366 366 366 366 366 366 366 366 366 366 366 366 366 366 366 366 366 366 366 366 366 366 366 366 366 366 366 366 366 366 366 366 366 366 366 366 366 366 366 366 366 366 366 366 366 366 366 366 366 366 366 366 366 366 366 366 366 366 366 366 366 366 366 366 366 366 366 366 366 366 366 366 366 366 366 366 366 366 366 366 366 366 366 366 366 366 366 366 366 366 366 366 366 366 366 366 366 366 366 366 366 366 366 366 366 366 366 366 366 366 366 366 366 366 366 366 366 366 366 366 366 366 366 366 366 366 366 366 366 366 366 366 366 366 366 366 366 366 366 366 366 366 366 366 366 366 366 366 366 366 366 366 366 366 366 366 366 366 366 366 366 366 366 366 366 366 366 366 366 366 366 366 366 366 366 366 366 366 366 366 366 366 366 366 366 366 366 366 366 366 366 366 366 366 366 366 366 366 366 366 366 366 366 366 366 366 366 366 366 366 366 366 366 366 366 366 366 366 366 366 366 366 366 366 366 366 366 366 366 366 366 366 366 366 366 366 366 366 366 366 366 366 366 366 366 366 366 366 366 366 366 366 366 366 366 366 366 366 366 366 366 366 366 366 366 366 366 366 366 366 366 366 366 366 366 366 366 366 366 366 366 366 366 366 366 366 366 366 366 366 366 366 366 366 366 366 366 366 366 366 366 366 366 366 366 366 366 366 366 366 366 366 366 366 366 366 366 366 366 366 366 366 366 366 366 366 366 366 366 366 366 366 366 366 366 366 366 366 366 366 366 366 366 366 366 366 366 366 366 366 366 366 366 366 366 366 366 366 366 366 366 366 366 366 366 366 366 366 366 366 366 366 366 366 366 366 366 366 366 366 366 366 366 366 366 366 366 366 366 366 366 366 366 366 366 366 366 366 366 366 366 366 366 366 366 366 366 366 366 366 366 366 366 366 366 366 366 366 366 366 366 366 366 366 366 366 366 366 366 366 366 366 366 366 366 366 366 366 366 366 366 366 366 366 366 366 366 366 366 366 366 366 366 366 366 366 366 366 366 366 366 366 366 366 366 366 366 366 366 366 366 366 366 366 366 366 366 366 366 366 366 366 366 366 366 366 366 366 366 366 366 366 366 366 366 366 366 366 366 366 366 366 366 366 366 366 366 366 366 366 366 366 366 366 366 366 366 366 366 366 366 366 366 366 366 366 366 366 366 366 366 366 366 366 366 366 366 366 366 366 366 366 366 366 366 366 366 366 366 366 366 366 366 366 366 366 366 366 366 366 366 366 366 366 366 366 366 366 366 366 366 366 366 366 366 366 366 366 366 366 366 366 366 366 366 366 366 366 366 366 366 366 366 366 366 366 366 366 366 366 366 366 366 366 366 366 366 366 366 366 366 366 366 366 366 366 366 366 366 366 366 366 366 366 366 366 366 366 366 366 366 366 366 366 366 366 366 366 366 366 366 366 366 366 366 366 366 366 366 366 366 366 366 366 366 366 366 366 366 366 366 366 366 366 366 366 366 366 366 366 366 366 366 366 366 366 366 366 366 366 366 366 366 366 366 366 366 366 366 366 366 366 366 366 366 366 366 366 366 366 366 366 366 366 366 366 366 366 366 366 366 366 366 366 366 366 366 366 366 366 366 366 366 366 366 366 366 366 366 366 366 366 366 366 366 366 366 366 366 366 366 366 366 366 366 366 366 366 366 366 366 366 366 366 366 366 366 366 366 366 366 366 366 366 366 366 366 366 366 366 366 366 366 366 366 366 366 366 366 366 366 366 366 366 366 366 366 366 366 366 366 366 366 366 366 366 366 366 366 366 366 366 366 366 366 366 366 366 366 366 366 366 366 366 366 366 366 366 366 366 366 366 366 366 366 366 366 366 366 366 366 366 366 366 366 366 366 366 366 366 366 366 366 366 366 366 366 366 366 366 366 366 366 366 366 366 366 366 366 366 366 366 366 366 366 366 366 366 366 366 366 366 366 366 366 366 366 366 366 366 366 366 366 366 366 366 366 366 366 366 366 366 366 366 366 366 366 366 366 366 366 366 366 366 366 366 366 366 366 366 366 366 366 366 366 366 366 366 366 366 366 366 366 366 366 366 366 366 366 366 366 366 366 366 366 366 366 366 366 366
5: 404 404 404 404 404 404 404 404 404 404 404 404 404 404 404 404 404 404 404 404 404 404 404 404 404 404 404 404 404 404 404 404 404 404 404 404 404 404 404 404 404 404 404 404 404 404 404 404 404 404 404 404 404 404 404 404 404 404 404 404 404 404 404 404 404 404 404 404 404 404 404 404 404 404 404 404 404 404 404 404 404 404 404 404 404 404 404 404 404 404 404 404 404 404 404 404 404 404 404 404 404 404 404 404 404 404 404 404 404 404 404 404 404 404 404 404 404 404 404 404 404 404 404 404 404 404 404 404 404 404 404 404 404 404 404 404 404 404 404 404 404 404 404 404 404 404 404 404 404 404 404 404 404 404 404 404 404 404 404 404 404 404 404 404 404 404 404 404 404 404 404 404 404 404 404 404 404 404 404 404 404 404 404 404 404 404 404 404 404 404 404 404 404 404 404 404 404 404 404 404 404 404 404 404 404 404 404 404 404 404 404 404 404 404 404 404 404 404 404 404 404 404 404 404 404 404 404 404 404 404 404 404 404 404 404 404 404 404 404 404 404 404 404 404 404 404 404 404 404 404 404 404 404 404 404 404 404 404 404 404 404 404 404 404 404 404 404 404 404 404 404 404 404 404 404 404 404 404 404 404 404 404 404 404 404 404 404 404 404 404 404 404 404 404 404 404 404 404 404 404 404 404 404 404 404 404 404 404 404 404 404 404 404 404 404 404 404 404 404 404 404 404 404 404 404 404 404 404 404 404 404 404 404 404 404 404 404 404 404 404 404 404 404 404 404 404 404 404 404 404 404 404 404 404 404 404 404 404 404 404 404 404 404 404 404 404 404 404 404 404 404 404 404 404 404 404 404 404 404 404 404 404 404 404 404 404 404 404 404 404 404 404 404 404 404 404 404 404 404 404 404 404 404 404 404 404 404 404 404 404 404 404 404 404 404 404 404 404 404 404 404 404 404 404 404 404 404 404 404 404 404 404 404 404 404 404 404 404 404 404 404 404 404 404 404 404 404 404 404 404 404 404 404 404 404 404 404 404 404 404 404 404 404 404 404 404 404 404 404 404 404 404 404 404 404 404 404 404 404 404 404 404 404 404 404 404 404 404 404 404 404 404 404 404 404 404 404 404 404 404 404 404 404 404 404 404 404 404 404 404 404 404 404 404 404 404 404 404 404 404 404 404 404 404 404 404 404 404 404 404 404 404 404 404 404 404 404 404 404 404 404 404 404 404 404 404 404 404 404 404 404 404 404 404 404 404 404 404 404 404 404 404 404 404 404 404 404 404 404 404 404 404 404 404 404 404 404 404 404 404 404 404 404 404 404 404 404 404 404 404 404 404 404 404 404 404 404 404 404 404 404 404 404 404 404 404 404 404 404 404 404 404 404 404 404 404 404 404 404 404 404 404 404 404 404 404 404 404 404 404 404 404 404 404 404 404 404 404 404 404 404 404 404 404 404 404 404 404 404 404 404 404 404 404 404 404 404 404 404 404 404 404 404 404 404 404 404 404 404 404 404 404 404 404 404 404 404 404 404 404 404 404 404 404 404 404 404 404 404 404 404 404 404 404 404 404 404 404 404 404 404 404 404 404 404 404 404 404 404 404 404 404 404 404 404 404 404 404 404 404 404 404 404 404 404 404 404 404 404 404 404 404 404 404 404 404 404 404 404 404 404 404 404 404 404 404 404 404 404 404 404 404 404 404 404 404 404 404 404 404 404 404 404 404 404 404 404 404 404 404 404 404 404 404 404 404 404 404 404 404 404 404 404 404 404 404 404 404 404 404 404 404 404 404 404 404 404 404 404 404 404 404 404 404 404 404 404 404 404 404 404 404 404 404 404 404 404 404 404 404 404 404 404 404 404 404 404 404 404 404 404 404 404 404 404 404 404 404 404 404 404 404 404 404 404 404 404 404 404 404 404 404 404 404 404 404 404 404 404 404 404 404 404 404 404 404 404 404 404 404 404 404 404 404 404 404 404 404 404 404 404 404 404 404 404 404 404 404 404 404 404 404 404 404 404 404 404 404 404 404 404 404 404 404 404 404 404 404 404 404 404 404 404 404 404 404 404 404 404 404 404 404 404 404 404 404 404 404 404 404 404 404 404 404 404 404 404 404 404 404 404 404 404 404 404 404 404 404 404 404 404 404 404 404 404 404 404 404 404 404 404 404 404 404 404 404 404 404 404 404 404 404 404 404 404 404 404 404 404 404 404 404 404 404 404 404 404 404 404 404 404 404 404 404 404 404 404 404 404 404 404 404 404 404 404 404 404 404 404 404 404 404 404 404 404 404 404
6: 521 521 521 521 521 521 521 521 521 521 521 521 521 521 521 521 521 521 521 521 521 521 521 521 521 521 521 521 521 521 521 521 521 521 521 521 521 521 521 521 521 521 521 521 521 521 521 521 521 521 521 521 521 521 521 521 521 521 521 521 521 521 521 521 521 521 521 521 521 521 521 521 521 521 521 521 521 521 521 521 521 521 521 521 521 521 521 521 521 521 521 521 521 521 521 521 521 521 521 521 521 521 521 521 521 521 521 521 521 521 521 521 521 521 521 521 521 521 521 521 521 521 521 521 521 521 521 521 521 521 521 521 521 521 521 521 521 521 521 521 521 521 521 521 521 521 521 521 521 521 521 521 521 521 521 521 521 521 521 521 521 521 521 521 521 521 521 521 521 521 521 521 521 521 521 521 521 521 521 521 521 521 521 521 521 521 521 521 521 521 521 521 521 521 521 521 521 521 521 521 521 521 521 521 521 521 521 521 521 521 521 521 521 521 521 521 521 521 521 521 521 521 521 521 521 521 521 521 521 521 521 521 521 521 521 521 521 521 521 521 521 521 521 521 521 521 521 521 521 521 521 521 521 521 521 521 521 521 521 521 521 521 521 521 521 521 521 521 521 521 521 521 521 521 521 521 521 521 521 521 521 521 521 521 521 521 521 521 521 521 521 521 521 521 521 521 521 521 521 521 521 521 521 521 521 521 521 521 521 521 521 521 521 521 521 521 521 521 521 521 521 521 521 521 521 521 521 521 521 521 521 521 521 521 521 521 521 521 521 521 521 521 521 521 521 521 521 521 521 521 521 521 521 521 521 521 521 521 521 521 521 521 521 521 521 521 521 521 521 521 521 521 521 521 521 521 521 521 521 521 521 521 521 521 521 521 521 521 521 521 521 521 521 521 521 521 521 521 521 521 521 521 521 521 521 521 521 521 521 521 521 521 521 521 521 521 521 521 521 521 521 521 521 521 521 521 521 521 521 521 521 521 521 521 521 521 521 521 521 521 521 521 521 521 521 521 521 521 521 521 521 521 521 521 521 521 521 521 521 521 521 521 521 521 521 521 521 521 521 521 521 521 521 521 521 521 521 521 521 521 521 521 521 521 521 521 521 521 521 521 521 521 521 521 521 521 521 521 521 521 521 521 521 521 521 521 521 521 521 521 521 521 521 521 521 521 521 521 521 521 521 521 521 521 521 521 521 521 521 521 521 521 521 521 521 521 521 521 521 521 521 521 521 521 521 521 521 521 521 521 521 521 521 521 521 521 521 521 521 521 521 521 521 521 521 521 521 521 521 521 521 521 521 521 521 521 521 521 521 521 521 521 521 521 521 521 521 521 521 521 521 521 521 521 521 521 521 521 521 521 521 521 521 521 521 521 521 521 521 521 521 521 521 521 521 521 521 521 521 521 521 521 521 521 521 521 521 521 521 521 521 521 521 521 521 521 521 521 521 521 521 521 521 521 521 521 521 521 521 521 521 521 521 521 521 521 521 521 521 521 521 521 521 521 521 521 521 521 521 521 521 521 521 521 521 521 521 521 521 521 521 521 521 521 521 521 521 521 521 521 521 521 521 521 521 521 521 521 521 521 521 521 521 521 521 521 521 521 521 521 521 521 521 521 521 521 521 521 521 521 521 521 521 521 521 521 521 521 521 521 521 521 521 521 521 521 521 521 521 521 521 521 521 521 521 521 521 521 521 521 521 521 521 521 521 521 521 521 521 521 521 521 521 521 521 521 521 521 521 521 521 521 521 521 521 521 521 521 521 521 521 521 521 521 521 521 521 521 521 521 521 521 521 521 521 521 521 521 521 521 521 521 521 521 521 521 521 521 521 521 521 521 521 521 521 521 521 521 521 521 521 521 521 521 521 521 521 521 521 521 521 521 521 521 521 521 521 521 521 521 521 521 521 521 521 521 521 521 521 521 521 521 521 521 521 521 521 521 521 521 521 521 521 521 521 521 521 521 521 521 521 521 521 521 521 521 521 521 521 521 521 521 521 521 521 521 521 521 521 521 521 521 521 521 521 521 521 521 521 521 521 521 521 521 521 521 521 521 521 521 521 521 521 521 521 521 521 521 521 521 521 521 521 521 521 521 521 521 521 521 521 521 521 521 521 521 521 521 521 521 521 521 521 521 521 521 521 521 521 521 521 521 521 521 521 521 521 521 521 521 521 521 521 521 521 521 521 521 521 521 521 521 521 521 521 521 521 521 521 521 521 521 521 521 521 521 521 521 521 521 521 521 521 521 521 521 521 521 521 521 521 521 521 521 521 521 521 521 521 521 521 521 521 521 521 521 521
7: 551 551 551 551 551 551 551 551 551 551 551 551 551 551 551 551 551 551 551 551 551 551 551 551 551 551 551 551 551 551 551 551 551 551 551 551 551 551 551 551 551 551 551 551 551 551 551 551 551 551 551 551 551 551 551 551 551 551 551 551 551 551 551 551 551 551 551 551 551 551 551 551 551 551 551 551 551 551 551 551 551 551 551 551 551 551 551 551 551 551 551 551 551 551 551 551 551 551 551 551 551 551 551 551 551 551 551 551 551 551 551 551 551 551 551 551 551 551 551 551 551 551 551 551 551 551 551 551 551 551 551 551 551 551 551 551 551 551 551 551 551 551 551 551 551 551 551 551 551 551 551 551 551 551 551 551 551 551 551 551 551 551 551 551 551 551 551 551 551 551 551 551 551 551 551 551 551 551 551 551 551 551 551 551 551 551 551 551 551 551 551 551 551 551 551 551 551 551 551 551 551 551 551 551 551 551 551 551 551 551 551 551 551 551 551 551 551 551 551 551 551 551 551 551 551 551 551 551 551 551 551 551 551 551 551 551 551 551 551 551 551 551 551 551 551 551 551 551 551 551 551 551 551 551 551 551 551 551 551 551 551 551 551 551 551 551 551 551 551 551 551 551 551 551 551 551 551 551 551 551 551 551 551 551 551 551 551 551 551 551 551 551 551 551 551 551 551 551 551 551 551 551 551 551 551 551 551 551 551 551 551 551 551 551 551 551 551 551 551 551 551 551 551 551 551 551 551 551 551 551 551 551 551 551 551 551 551 551 551 551 551 551 551 551 551 551 551 551 551 551 551 551 551 551 551 551 551 551 551 551 551 551 551 551 551 551 551 551 551 551 551 551 551 551 551 551 551 551 551 551 551 551 551 551 551 551 551 551 551 551 551 551 551 551 551 551 551 551 551 551 551 551 551 551 551 551 551 551 551 551 551 551 551 551 551 551 551 551 551 551 551 551 551 551 551 551 551 551 551 551 551 551 551 551 551 551 551 551 551 551 551 551 551 551 551 551 551 551 551 551 551 551 551 551 551 551 551 551 551 551 551 551 551 551 551 551 551 551 551 551 551 551 551 551 551 551 551 551 551 551 551 551 551 551 551 551 551 551 551 551 551 551 551 551 551 551 551 551 551 551 551 551 551 551 551 551 551 551 551 551 551 551 551 551 551 551 551 551 551 551 551 551 551 551 551 551 551 551 551 551 551 551 551 551 551 551 551 551 551 551 551 551 551 551 551 551 551 551 551 551 551 551 551 551 551 551 551 551 551 551 551 551 551 551 551 551 551 551 551 551 551 551 551 551 551 551 551 551 551 551 551 551 551 551 551 551 551 551 551 551 551 551 551 551 551 551 551 551 551 551 551 551 551 551 551 551 551 551 551 551 551 551 551 551 551 551 551 551 551 551 551 551 551 551 551 551 551 551 551 551 551 551 551 551 551 551 551 551 551 551 551 551 551 551 551 551 551 551 551 551 551 551 551 551 551 551 551 551 551 551 551 551 551 551 551 551 551 551 551 551 551 551 551 551 551 551 551 551 551 551 551 551 551 551 551 551 551 551 551 551 551 551 551 551 551 551 551 551 551 551 551 551 551 551 551 551 551 551 551 551 551 551 551 551 551 551 551 551 551 551 551 551 551 551 551 551 551 551 551 551 551 551 551 551 551 551 551 551 551 551 551 551 551 551 551 551 551 551 551 551 551 551 551 551 551 551 551 551 551 551 551 551 551 551 551 551 551 551 551 551 551 551 551 551 551 551 551 551 551 551 551 551 551 551 551 551 551 551 551 551 551 551 551 551 551 551 551 551 551 551 551 551 551 551 551 551 551 551 551 551 551 551 551 551 551 551 551 551 551 551 551 551 551 551 551 551 551 551 551 551 551 551 551 551 551 551 551 551 551 551 551 551 551 551 551 551 551 551 551 551 551 551 551 551 551 551 551 551 551 551 551 551 551 551 551 551 551 551 551 551 551 551 551 551 551 551 551 551 551 551 551 551 551 551 551 551 551 551 551 551 551 551 551 551 551 551 551 551 551 551 551 551 551 551 551 551 551 551 551 551 551 551 551 551 551 551 551 551 551 551 551 551 551 551 551 551 551 551 551 551 551 551 551 551 551 551 551 551 551 551 551 551 551 551 551 551 551 551 551 551 551 551 551 551 551 551 551 551 551 551 551 551 551 551 551 551 551 551 551 551 551 551 551 551 551 551 551 551 551 551 551 551 551 551 551 551 551 551 551 551 551 551 551 551 551 551 551 551 551 551 551 551 551 551 551 551 551 551 551 551 551 551 551 551 551 551 551
8: 663 700 737 700 663 626 589 552 515 478 441 404 403 402 401 400 399 398 397 396 395 394 393 392 391 390 389 388 387 386 385 384 383 382 381 380 343 306 305 304 303 266 229 230 231 194 157 156 155 118 81 80 79 78 77 76 113 150 187 224 261 298 335 372 409 446 483 520 557 594 595 596 597 598 599 600 601 602 603 604 605 606 607 608 609 610 611 612 613 614 651 688 689 690 691 692 693 694 695 696 659 622 585 548 511 474 437 400 363 326 289 252 215 178 141 142 179 216 253 290 327 364 401 438 475 512 549 548 547 546 545 544 543 542 541 540 539 538 537 536 535 534 533 532 531 530 529 528 527 526 525 524 523 486 487 524 561 598 635 672 709 746 747 748 749 750 751 752 753 754 755 756 757 758 759 760 761 762 763 764 765 766 767 768 769 770 771 734 697 660 623 586 549 512 475 474 473 472 471 470 469 468 467 466 465 464 463 462 461 460 459 458 457 456 455 454 453 452 451 414 413 412 411 410 409 446 483 520 557 594 631 668 669 670 671 672 673 674 675 676 639 602 603 604 605 606 607 608 609 610 611 612 613 614 615 616 653 690 691 690 689 688 687 686 685 686 649 612 611 610 573 536 499 462 425 388 387 386 385 384 383 382 381 380 343 306 305 304 305 306 307 308 309 310 311 312 313 314 315 316 317 318 319 320 321 358 395 394 393 392 391 390 389 388 425 462 499 536 573 610 647 684 683 682 681 680 679 678 677 676 675 674 673 672 709 708 671 672 673 674 675 676 677 678 679 680 681 682 683 684 685 686 687 688 689 690 691 692 693 694 695 696 659 622 585 548 511 474 437 400 399 398 397 396 395 394 393 392 391 390 389 388 425 462 461 460 459 458 457 456 455 454 453 452 489 526 527 528 529 530 531 532 533 534 535 536 573 610 611 612 613 614 615 652 653 654 655 656 657 658 659 660 661 662 625 588 551 514 477 440 403 366 329 292 255 218 181 144 181 218 255 254 253 252 251 250 249 248 249 250 251 288 325 362 399 398 397 396 395 394 393 392 391 390 389 388 425 462 499 536 573 610 609 608 607 606 605 604 603 602 601 600 601 602 603 604 605 606 607 608 609 610 573 536 499 462 425 388 387 386 385 386 387 388 389 390 391 390 389 388 425 462 499 536 573 610 647 684 721 758 759 760 761 762 761 760 759 758 721 684 647 610 573 536 499 462 425 388 351 314 277 240 203 166 167 168 167 166 129 92 93 94 95 96 97 98 99 100 101 102 103 140 177 214 251 288 325 362 399 436 473 474 475 476 477 514 551 588 625 624 623 622 621 620 619 618 617 616 615 614 613 612 611 610 609 610 573 536 499 462 425 388 351 314 277 240 203 166 167 168 169 170 171 172 173 174 175 176 177 178 179 180 181 182 219 256 293 330 367 404 441 478 515 552 589 626 625 624 623 622 621 620 619 618 617 616 615 614 613 612 611 610 609 608 607 606 605 604 603 602 601 602 603 604 605 606 607 608 609 610 573 536 499 462 425 388 387 386 385 386 387 388 425 462 463 464 465 464 463 462 425 388 351 314 277 240 239 238 237 236 235 234 233 232 231 230 193 156 193 230 231 232 233 234 235 236 237 238 239 240 277 314 351 388 425 462 463 464 465 466 467 468 469 470 471 472 473 474 511 548 585 622 659 696 733 770 769 768 767 766 765 766 767 768 769 770 771 734 697 660 623 622 621 620 619 618 617 616 615 614 613 612 611 610 609 608 607 606 605 604 603 602 601 600 599 562 525 488 451 414 377 340 303 266 229 230 231 232 233 234 235 236 237 238 239 240 277 314 351 388 425 462 499 536 537 538 539 540 541 542 543 544 545 546 547 548 549 550 551 552 589 626 663 700 699 698 697 696 695 694 693 692 691 690 689 688 687 686 685 684 683 682 681 680 679 678 677 676 675 674 637 600 601 602 603 604 605 606 607 608 609 610 611 612 611 610 573 536 499 462 463 464 465 466 467 468 469 470 471 472 473 436 399 398 361 324 323 322 321 320 319 318 317 316 315 314 313 312 349 386 387 388 389 390 391 392 393 394 395 396 397 398 399 436 473 510 547 584 621 620 619 618 617 616 653 690 691 692 693 694 693 692 691 692 693 656 619 618 617 616 615 614 613 612 611 610 573 536 499 462 461 460 459 458 457 456 455 454 453 452 451 414 413 412 411 410 373 374 375 376 413 450 487 524 561 598 599 600 601 602 603 604 605 606 607 608 609 610 573 536 499 462 425 388 351 314 277 240 203 166 167 168 169 170 171 172 173
9: 700 700 700 700 700 700 700 700 700 700 700 700 700 700 700 700 700 700 700 700 700 700 700 700 700 700 700 700 700 700 700 700 700 700 700 700 700 700 700 700 700 700 700 700 700 700 700 700 700 700 700 700 700 700 700 700 700 700 700 700 700 700 700 700 700 700 700 700 700 700 700 700 700 700 700 700 700 700 700 700 700 700 700 700 700 700 700 700 700 700 700 700 700 700 700 700 700 700 700 700 700 700 700 700 700 700 700 700 700 700 700 700 700 700 700 700 700 700 700 700 700 700 700 700 700 700 700 700 700 700 700 700 700 700 700 700 700 700 700 700 700 700 700 700 700 700 700 700 700 700 700 700 700 700 700 700 700 700 700 700 700 700 700 700 700 700 700 700 700 700 700 700 700 700 700 700 700 700 700 700 700 700 700 700 700 700 700 700 700 700 700 700 700 700 700 700 700 700 700 700 700 700 700 700 700 700 700 700 700 700 700 700 700 700 700 700 700 700 700 700 700 700 700 700 700 700 700 700 700 700 700 700 700 700 700 700 700 700 700 700 700 700 700 700 700 700 700 700 700 700 700 700 700 700 700 700 700 700 700 700 700 700 700 700 700 700 700 700 700 700 700 700 700 700 700 700 700 700 700 700 700 700 700 700 700 700 700 700 700 700 700 700 700 700 700 700 700 700 700 700 700 700 700 700 700 700 700 700 700 700 700 700 700 700 700 700 700 700 700 700 700 700 700 700 700 700 700 700 700 700 700 700 700 700 700 700 700 700 700 700 700 700 700 700 700 700 700 700 700 700 700 700 700 700 700 700 700 700 700 700 700 700 700 700 700 700 700 700 700 700 700 700 700 700 700 700 700 700 700 700 700 700 700 700 700 700 700 700 700 700 700 700 700 700 700 700 700 700 700 700 700 700 700 700 700 700 700 700 700 700 700 700 700 700 700 700 700 700 700 700 700 700 700 700 700 700 700 700 700 700 700 700 700 700 700 700 700 700 700 700 700 700 700 700 700 700 700 700 700 700 700 700 700 700 700 700 700 700 700 700 700 700 700 700 700 700 700 700 700 700 700 700 700 700 700 700 700 700 700 700 700 700 700 700 700 700 700 700 700 700 700 700 700 700 700 700 700 700 700 700 700 700 700 700 700 700 700 700 700 700 700 700 700 700 700 700 700 700 700 700 700 700 700 700 700 700 700 700 700 700 700 700 700 700 700 700 700 700 700 700 700 700 700 700 700 700 700 700 700 700 700 700 700 700 700 700 700 700 700 700 700 700 700 700 700 700 700 700 700 700 700 700 700 700 700 700 700 700 700 700 700 700 700 700 700 700 700 700 700 700 700 700 700 700 700 700 700 700 700 700 700 700 700 700 700 700 700 700 700 700 700 700 700 700 700 700 700 700 700 700 700 700 700 700 700 700 700 700 700 700 700 700 700 700 700 700 700 700 700 700 700 700 700 700 700 700 700 700 700 700 700 700 700 700 700 700 700 700 700 700 700 700 700 700 700 700 700 700 700 700 700 700 700 700 700 700 700 700 700 700 700 700 700 700 700 700 700 700 700 700 700 700 700 700 700 700 700 700 700 700 700 700 700 700 700 700 700 700 700 700 700 700 700 700 700 700 700 700 700 700 700 700 700 700 700 700 700 700 700 700 700 700 700 700 700 700 700 700 700 700 700 700 700 700 700 700 700 700 700 700 700 700 700 700 700 700 700 700 700 700 700 700 700 700 700 700 700 700 700 700 700 700 700 700 700 700 700 700 700 700 700 700 700 700 700 700 700 700 700 700 700 700 700 700 700 700 700 700 700 700 700 700 700 700 700 700 700 700 700 700 700 700 700 700 700 700 700 700 700 700 700 700 700 700 700 700 700 700 700 700 700 700 700 700 700 700 700 700 700 700 700 700 700 700 700 700 700 700 700 700 700 700 700 700 700 700 700 700 700 700 700 700 700 700 700 700 700 700 700 700 700 700 700 700 700 700 700 700 700 700 700 700 700 700 700 700 700 700 700 700 700 700 700 700 700 700 700 700 700 700 700 700 700 700 700 700 700 700 700 700 700 700 700 700 700 700 700 700 700 700 700 700 700 700 700 700 700 700 700 700 700 700 700 700 700 700 700 700 700 700 700 700 700 700 700 700 700 700 700 700 700 700 700 700 700 700 700 700 700 700 700 700 700 700 700 700 700 700 700 700 700 700 700 700 700 700 700 700 700 700 700 700 700 700 700 700 700 700 700 700 700 700 700 700 700 700 700 700 700 700 700 700 700 700 700 700 700 700 700 700 700 700 700 700 700 700 700

# Tasks (task_id release_time pickup_loc delivery_loc agent completion_time)
0 0 613 632 1 618
1 0 376 594 -1 -1
2 0 609 319 -1 -1
3 0 378 446 2 169
4 0 465 608 -1 -1
5 0 77 238 -1 -1
6 0 669 167 -1 -1
7 0 339 321 -1 -1
8 0 98 558 -1 -1
9 0 309 594 -1 -1
10 0 91 247 1 511
11 0 397 446 -1 -1
12 0 174 759 -1 -1
13 0 239 543 -1 -1
14 0 618 605 -1 -1
15 0 619 289 -1 -1
16 0 290 437 1 894
17 0 84 659 -1 -1
18 0 612 470 8 887
19 0 375 315 2 190
20 0 487 770 8 185
21 0 460 104 -1 -1
22 0 162 762 -1 -1
23 0 463 767 -1 -1
24 0 318 674 -1 -1
25 0 398 600 8 481
26 0 172 413 1 976
27 0 601 144 -1 -1
28 0 380 250 -1 -1
29 0 80 396 -1 -1
30 0 686 381 8 282
31 0 468 324 1 800
32 0 161 542 -1 -1
33 0 151 537 -1 -1
34 0 609 83 -1 -1
35 0 526 241 -1 -1
36 0 382 169 1 93
37 0 437 107 1 183
38 0 615 413 2 677
39 0 635 541 2 641
40 0 324 413 1 405
41 0 395 243 -1 -1
42 0 467 387 -1 -1
43 0 620 618 -1 -1
44 0 376 757 2 699
45 0 394 324 1 380
46 0 757 384 -1 -1
47 0 526 631 1 848
48 0 82 602 2 920
49 0 484 597 -1 -1
50 0 440 446 -1 -1
51 0 605 239 -1 -1
52 0 771 447 -1 -1
53 0 609 181 8 622
54 0 446 750 -1 -1
55 0 532 91 -1 -1
56 0 378 375 -1 -1
57 0 675 688 -1 -1
58 0 542 315 -1 -1
59 0 515 671 -1 -1
60 0 748 613 -1 -1
61 0 367 190 -1 -1
62 0 308 535 2 298
63 0 397 145 -1 -1
64 0 620 541 -1 -1
65 0 524 167 -1 -1
66 0 539 548 -1 -1
67 0 763 682 -1 -1
68 0 708 681 8 346
69 0 398 97 -1 -1
70 0 88 304 2 281
71 0 512 165 -1 -1
72 0 734 683 2 138
73 0 680 662 -1 -1
74 0 689 615 2 366
75 0 165 753 -1 -1
76 0 693 104 -1 -1
77 0 689 378 -1 -1
78 0 528 615 8 412
79 0 537 317 -1 -1
80 0 771 463 -1 -1
81 0 144 672 1 226
82 0 264 87 2 16
83 0 458 452 -1 -1
84 0 697 104 -1 -1
85 0 484 452 2 414
86 0 753 453 -1 -1
87 0 235 452 -1 -1
88 0 762 544 -1 -1
89 0 100 93 1 355
90 0 330 472 -1 -1
91 0 699 315 -1 -1
92 0 680 674 8 859
93 0 537 600 -1 -1
94 0 321 672 8 333
95 0 215 463 1 19
96 0 659 85 -1 -1
97 0 605 246 -1 -1
98 0 679 674 -1 -1
99 0 543 541 -1 -1
100 0 681 545 -1 -1
101 0 635 154 -1 -1
102 0 600 231 8 796
103 0 99 487 1 69
104 0 662 671 -1 -1
105 0 305 236 -1 -1
106 0 693 410 8 975
107 0 308 545 -1 -1
108 0 450 85 -1 -1
109 0 685 89 -1 -1
110 0 437 163 -1 -1
111 0 176 512 -1 -1
112 0 410 659 -1 -1
113 0 768 612 -1 -1
114 0 527 188 -1 -1
115 0 530 541 -1 -1
116 0 261 230 -1 -1
117 0 93 157 -1 -1
118 0 603 385 8 500
119 0 174 304 2 534
120 0 293 619 -1 -1
121 0 215 607 -1 -1
122 0 688 458 -1 -1
123 0 764 456 -1 -1
124 0 604 246 -1 -1
125 0 632 386 -1 -1
126 0 662 384 -1 -1
127 0 172 381 -1 -1
128 0 452 188 -1 -1
129 0 98 616 -1 -1
130 0 693 144 -1 -1
131 0 552 680 8 853
132 0 322 662 -1 -1
133 0 96 398 -1 -1
134 0 604 454 -1 -1
135 0 167 97 -1 -1
136 0 762 542 -1 -1
137 0 97 534 -1 -1
138 0 612 477 -1 -1
139 0 315 384 -1 -1
140 0 771 601 8 782
141 0 477 609 8 594
142 0 83 585 -1 -1
143 0 612 688 -1 -1
144 0 756 116 -1 -1
145 0 752 764 2 778
146 0 232 672 2 620
147 0 524 757 -1 -1
148 0 749 173 -1 -1
149 0 302 682 -1 -1
150 0 694 535 -1 -1
151 0 142 523 8 152
152 0 756 534 2 748
153 0 440 230 -1 -1
154 0 697 309 -1 -1
155 0 80 367 -1 -1
156 0 376 540 -1 -1
157 0 145 409 -1 -1
158 0 585 620 -1 -1
159 0 465 230 8 705
160 0 454 750 -1 -1
161 0 324 236 -1 -1
162 0 164 756 2 738
163 0 233 237 8 802
164 0 693 512 -1 -1
165 0 116 117 -1 -1
166 0 230 676 -1 -1
167 0 156 631 -1 -1
168 0 96 760 -1 -1
169 0 734 375 -1 -1
170 0 385 298 -1 -1
171 0 767 699 -1 -1
172 0 245 706 2 1002
173 0 398 312 8 907
174 0 691 685 8 264
175 0 178 236 -1 -1
176 0 141 613 1 599
177 0 706 530 2 1016
178 0 468 387 -1 -1
179 0 302 321 -1 -1
180 0 672 762 1 244
181 0 697 614 -1 -1
182 0 169 322 -1 -1
183 0 316 289 2 202
184 0 182 385 -1 -1
185 0 389 746 -1 -1
186 0 450 315 -1 -1
187 0 321 660 -1 -1
188 0 384 681 -1 -1
189 0 526 609 -1 -1
190 0 699 335 -1 -1
191 0 261 529 -1 -1
192 0 542 190 -1 -1
193 0 250 389 -1 -1
194 0 243 466 -1 -1
195 0 604 770 -1 -1
196 0 394 594 -1 -1
197 0 80 535 -1 -1
198 0 460 760 -1 -1
199 0 391 680 -1 -1
200 0 390 397 -1 -1
201 0 86 528 2 37
202 0 474 165 1 916
203 0 241 437 1 463
204 0 771 409 8 224
205 0 558 675 -1 -1
206 0 89 237 -1 -1
207 0 450 467 1 789
208 0 697 383 -1 -1
209 0 468 539 -1 -1
210 0 699 324 -1 -1
211 0 672 544 -1 -1
212 0 558 317 -1 -1
213 0 767 218 -1 -1
214 0 470 101 1 347
215 0 104 458 -1 -1
216 0 464 99 1 39
217 0 299 523 2 340
218 0 86 586 1 324
219 0 233 250 -1 -1
220 0 153 323 -1 -1
221 0 530 323 -1 -1
222 0 387 458 -1 -1
223 0 458 533 -1 -1
224 0 94 602 -1 -1
225 0 100 759 -1 -1
226 0 94 311 -1 -1
227 0 750 396 -1 -1
228 0 450 449 1 771
229 0 535 154 2 319
230 0 315 453 -1 -1
231 0 330 767 -1 -1
232 0 679 243 -1 -1
233 0 249 539 1 531
234 0 486 686 2 361
235 0 737 381 8 34
236 0 160 173 -1 -1
237 0 532 757 -1 -1
238 0 548 246 -1 -1
239 0 460 753 2 765
240 0 464 754 -1 -1
241 0 690 235 -1 -1
242 0 175 181 -1 -1
243 0 390 688 -1 -1
244 0 468 681 -1 -1
245 0 113 243 1 681
246 0 694 754 -1 -1
247 0 145 235 -1 -1
248 0 662 181 8 436
249 0 144 248 8 447
250 0 762 246 -1 -1
251 0 757 164 2 718
252 0 450 477 -1 -1
253 0 544 615 2 655
254 0 182 601 8 660
255 0 236 764 -1 -1
256 0 409 76 -1 -1
257 0 299 468 -1 -1
258 0 161 446 -1 -1
259 0 615 662 8 423
260 0 531 158 -1 -1
261 0 529 188 1 656
262 0 91 676 -1 -1
263 0 379 246 -1 -1
264 0 141 477 1 563
265 0 255 157 -1 -1
266 0 542 743 -1 -1
267 0 76 527 -1 -1
268 0 686 378 2 161
269 0 398 243 -1 -1
270 0 264 102 -1 -1
271 0 306 231 -1 -1
272 0 463 709 -1 -1
273 0 83 245 2 969
274 0 170 543 -1 -1
275 0 659 552 -1 -1
276 0 541 552 -1 -1
277 0 709 602 -1 -1
278 0 144 761 -1 -1
279 0 101 460 -1 -1
280 0 765 603 2 587
281 0 99 158 -1 -1
282 0 532 162 -1 -1
283 0 230 764 2 568
284 0 749 459 -1 -1
285 0 91 95 -1 -1
286 0 218 608 -1 -1
287 0 465 141 1 551
288 0 477 604 -1 -1
289 0 680 299 -1 -1
290 0 694 389 -1 -1
291 0 394 321 1 697
292 0 595 390 -1 -1
293 0 619 310 2 392
294 0 237 409 -1 -1
295 0 261 757 -1 -1
296 0 327 83 -1 -1
297 0 752 692 -1 -1
298 0 588 104 -1 -1
299 0 618 515 2 226
300 0 733 526 -1 -1
301 0 768 94 -1 -1
302 0 100 171 -1 -1
303 0 766 113 2 821
304 0 169 751 1 119
305 0 380 304 8 287
306 0 327 561 1 835
307 0 167 77 -1 -1
308 0 375 743 1 991
309 0 231 76 8 55
310 0 310 677 -1 -1
311 0 320 318 -1 -1
312 0 318 560 -1 -1
313 0 543 116 -1 -1
314 0 585 705 -1 -1
315 0 102 748 -1 -1
316 0 466 243 -1 -1
317 0 156 669 -1 -1
318 0 159 381 -1 -1
319 0 595 545 -1 -1
320 0 737 218 -1 -1
321 0 77 694 2 486
322 0 322 394 -1 -1
323 0 632 690 1 871
324 0 527 230 1 422
325 0 243 308 -1 -1
326 0 302 395 -1 -1
327 0 483 520 -1 -1
328 0 302 321 1 741
329 0 86 327 -1 -1
330 0 676 616 8 255
331 0 308 99 -1 -1
332 0 141 234 -1 -1
333 0 546 339 -1 -1
334 0 705 523 -1 -1
335 0 477 162 -1 -1
336 0 672 307 -1 -1
337 0 165 694 -1 -1
338 0 529 235 -1 -1
339 0 447 672 -1 -1
340 0 242 685 -1 -1
341 0 94 477 8 574
342 0 457 76 -1 -1
343 0 693 764 -1 -1
344 0 768 247 2 509
345 0 532 142 -1 -1
346 0 472 162 -1 -1
347 0 446 675 8 238
348 0 588 145 -1 -1
349 0 156 474 8 737
350 0 161 88 2 267
351 0 304 320 8 303
352 0 614 238 -1 -1
353 0 544 446 -1 -1
354 0 218 410 -1 -1
355 0 389 395 8 918
356 0 85 248 -1 -1
357 0 697 762 -1 -1
358 0 379 594 -1 -1
359 0 390 381 -1 -1
360 0 95 392 1 372
361 0 383 524 -1 -1
362 0 734 608 -1 -1
363 0 762 168 8 545
364 0 543 588 -1 -1
365 0 483 93 -1 -1
366 0 393 397 -1 -1
367 0 523 380 -1 -1
368 0 602 161 2 941
369 0 145 307 -1 -1
370 0 396 602 -1 -1
371 0 606 515 -1 -1
372 0 235 174 -1 -1
373 0 631 154 -1 -1
374 0 611 386 -1 -1
375 0 764 486 1 272
376 0 249 618 -1 -1
377 0 84 595 -1 -1
378 0 156 685 -1 -1
379 0 472 171 1 950
380 0 306 530 -1 -1
381 0 753 311 -1 -1
382 0 289 619 2 214
383 0 154 410 2 329
384 0 247 437 -1 -1
385 0 162 681 -1 -1
386 0 158 400 2 113
387 0 392 162 -1 -1
388 0 248 463 -1 -1
389 0 391 89 1 497
390 0 159 83 -1 -1
391 0 471 237 -1 -1
392 0 437 307 -1 -1
393 0 586 470 1 332
394 0 676 602 -1 -1
395 0 528 474 2 59
396 0 478 235 2 254
397 0 604 385 8 678
398 0 733 265 -1 -1
399 0 746 363 -1 -1
400 0 76 96 -1 -1
401 0 231 708 -1 -1
402 0 586 250 -1 -1
403 0 157 527 -1 -1
404 0 487 156 1 284
405 0 619 520 -1 -1
406 0 395 616 8 933
407 0 674 609 8 870
408 0 161 766 -1 -1
409 0 88 238 1 444
410 0 761 542 -1 -1
411 0 689 250 -1 -1
412 0 395 157 -1 -1
413 0 602 173 8 1016
414 0 694 691 8 942
415 0 474 158 2 87
416 0 532 659 -1 -1
417 0 753 612 -1 -1
418 0 100 169 -1 -1
419 0 227 242 -1 -1
420 0 247 363 -1 -1
421 0 706 165 -1 -1
422 0 88 486 -1 -1
423 0 237 552 8 829
424 0 558 319 1 161
425 0 594 543 -1 -1
426 0 299 767 -1 -1
427 0 76 614 8 89
428 0 460 188 2 442
429 0 696 619 -1 -1
430 0 532 694 -1 -1
431 0 486 631 -1 -1
432 0 398 452 8 393
433 0 165 470 1 933
434 0 339 561 -1 -1
435 0 163 688 -1 -1
436 0 693 537 -1 -1
437 0 150 308 -1 -1
438 0 696 688 -1 -1
439 0 669 236 1 1016
440 0 241 324 -1 -1
441 0 544 230 -1 -1
442 0 762 437 -1 -1
443 0 174 588 -1 -1
444 0 393 151 -1 -1
445 0 690 339 -1 -1
446 0 380 231 8 44
447 0 749 529 1 639
448 0 321 231 1 717
449 0 321 688 -1 -1
450 0 585 765 8 750
451 0 302 748 -1 -1
452 0 532 743 -1 -1
453 0 749 600 -1 -1
454 0 391 760 8 521
455 0 396 558 -1 -1
456 0 752 558 1 134
457 0 97 116 -1 -1
458 0 688 90 -1 -1
459 0 85 339 -1 -1
460 0 396 617 -1 -1
461 0 465 88 -1 -1
462 0 290 252 -1 -1
463 0 410 97 -1 -1
464 0 614 231 -1 -1
465 0 310 470 -1 -1
466 0 310 484 2 408
467 0 466 468 -1 -1
468 0 672 446 -1 -1
469 0 113 264 2 828
470 0 762 302 -1 -1
471 0 151 464 -1 -1
472 0 450 236 -1 -1
473 0 176 381 -1 -1
474 0 241 394 1 694
475 0 472 248 -1 -1
476 0 693 82 2 902
477 0 478 178 1 576
478 0 771 530 -1 -1
479 0 113 548 -1 -1
480 0 101 409 -1 -1
481 0 82 396 -1 -1
482 0 164 169 -1 -1
483 0 91 616 -1 -1
484 0 393 446 -1 -1
485 0 696 437 8 368
486 0 682 100 -1 -1
487 0 364 614 -1 -1
488 0 561 487 -1 -1
489 0 603 231 2 603
490 0 534 323 -1 -1
491 0 709 472 -1 -1
492 0 321 447 1 767
493 0 691 290 1 889
494 0 265 548 2 860
495 0 376 600 8 987
496 0 512 389 1 481
497 0 696 142 8 115
498 0 252 689 -1 -1
499 0 603 382 -1 -1
