0 1000.23 0.752 
1 0 0 
2 0 0 
3 0 0 
4 0 0 
5 1000.35 0.634 
6 0 0 
7 0 0 
8 0 0 
9 0 0 
10 1000.22 0.575 
11 0 0 
12 0 0 
13 0 0 
14 0 0 
15 1000.3 0.509 
16 0 0 
17 0 0 
18 0 0 
19 0 0 
20 1000.27 0.538 
21 1000.17 0.444 
22 0 0 
23 0 0 
24 0 0 
25 1000.16 0.479 
26 0 0 
27 0 0 
28 0 0 
29 0 0 
30 1000.27 0.647 
31 1000.19 0.465 
32 0 0 
33 1000.18 0.567 
34 0 0 
35 1000.27 0.634 
36 0 0 
37 0 0 
38 0 0 
39 0 0 
40 1000.26 0.625 
41 0 0 
42 0 0 
43 1000.26 0.614 
44 0 0 
45 1000.23 0.601 
46 1000.18 0.54 
47 0 0 
48 0 0 
49 0 0 
50 1000.28 0.793 
51 0 0 
52 0 0 
53 0 0 
54 0 0 
55 1000.19 0.567 
56 0 0 
57 0 0 
58 1000.18 0.5 
59 0 0 
60 1000.28 0.645 
61 0 0 
62 0 0 
63 0 0 
64 1000.18 0.533 
65 1000.32 0.383 
66 0 0 
67 0 0 
68 0 0 
69 0 0 
70 1000.16 0.44 
71 0 0 
72 0 0 
73 0 0 
74 0 0 
75 1000.3 0.532 
76 0 0 
77 1000.26 0.572 
78 0 0 
79 0 0 
80 1000.29 0.506 
81 0 0 
82 0 0 
83 0 0 
84 0 0 
85 1000.35 0.637 
86 1000.26 0.575 
87 0 0 
88 0 0 
89 1000.17 0.474 
90 1000.18 0.489 
91 0 0 
92 1000.25 0.561 
93 0 0 
94 1000.63 0.594 
95 1000.2 0.576 
96 0 0 
97 0 0 
98 0 0 
99 0 0 
100 1000.27 0.678 
101 0 0 
102 0 0 
103 0 0 
104 0 0 
105 1000.21 0.522 
106 0 0 
107 0 0 
108 0 0 
109 0 0 
110 1000.18 0.479 
111 0 0 
112 0 0 
113 1000.2 0.466 
114 0 0 
115 1000.19 0.565 
116 0 0 
117 1000.18 0.567 
118 0 0 
119 0 0 
120 1000.19 0.435 
121 0 0 
122 0 0 
123 0 0 
124 0 0 
125 1000.19 0.479 
126 0 0 
127 0 0 
128 0 0 
129 0 0 
130 1000.31 0.614 
131 0 0 
132 0 0 
133 0 0 
134 0 0 
135 1000.2 0.488 
136 0 0 
137 0 0 
138 0 0 
139 0 0 
140 1000.19 0.451 
141 1000.19 0.432 
142 0 0 
143 0 0 
144 0 0 
145 1000.21 0.558 
146 0 0 
147 0 0 
148 0 0 
149 0 0 
150 1000.2 0.435 
151 0 0 
152 0 0 
153 0 0 
154 0 0 
155 1000.18 0.546 
156 1000.2 0.47 
157 1000.26 0.596 
158 0 0 
159 0 0 
160 1000.18 0.565 
161 0 0 
162 0 0 
163 0 0 
164 0 0 
165 1000.21 0.59 
166 0 0 
167 0 0 
168 0 0 
169 0 0 
170 1000.21 0.669 
171 0 0 
172 1000.21 0.536 
173 1000.32 0.537 
174 0 0 
175 1000.26 0.963 
176 1000.22 0.735 
177 0 0 
178 0 0 
179 0 0 
180 1000.2 0.551 
181 0 0 
182 0 0 
183 0 0 
184 0 0 
185 1000.28 0.751 
186 0 0 
187 0 0 
188 0 0 
189 0 0 
190 1000.22 0.68 
191 0 0 
192 0 0 
193 0 0 
194 0 0 
195 1000.27 0.685 
196 0 0 
197 0 0 
198 0 0 
199 0 0 
200 1000.21 0.575 
201 0 0 
202 0 0 
203 1000.2 0.508 
204 1000.2 0.512 
205 1000.19 0.48 
206 0 0 
207 1000.2 0.549 
208 1000.25 0.496 
209 0 0 
210 1000.2 0.423 
211 1000.25 0.618 
212 0 0 
213 1000.25 0.833 
214 0 0 
215 1000.2 0.631 
216 0 0 
217 0 0 
218 0 0 
219 0 0 
220 1000.19 0.563 
221 0 0 
222 1000.26 0.641 
223 0.245 0.464 
224 0 0 
225 1000.22 0.539 
226 0 0 
227 1000.26 0.611 
228 0 0 
229 0 0 
230 1000.28 0.632 
231 0 0 
232 0 0 
233 0 0 
234 1000.21 0.515 
235 1000.23 0.501 
236 0 0 
237 1000.27 0.721 
238 1000.26 0.657 
239 0 0 
240 1000.24 0.685 
241 0 0 
242 0 0 
243 0 0 
244 0 0 
245 1000.41 0.778 
246 0 0 
247 0 0 
248 1000.23 0.545 
249 0 0 
250 1000.26 0.621 
251 0 0 
252 0 0 
253 0 0 
254 0 0 
255 1000.29 0.718 
256 0 0 
257 0 0 
258 1000.24 0.671 
259 1000.26 0.802 
260 1000.27 0.814 
261 0 0 
262 0 0 
263 0 0 
264 0 0 
265 1000.23 0.733 
266 1000.31 0.637 
267 0 0 
268 0 0 
269 0 0 
270 1000.22 0.526 
271 0 0 
272 0 0 
273 0 0 
274 0 0 
275 1000.21 0.777 
276 0 0 
277 0 0 
278 0 0 
279 0 0 
280 1000.24 0.7 
281 0 0 
282 0 0 
283 0 0 
284 0 0 
285 1000.27 0.676 
286 0 0 
287 1000.22 0.6 
288 1000.23 0.597 
289 0 0 
290 1000.24 0.623 
291 0 0 
292 0 0 
293 0 0 
294 1000.26 0.7 
295 1000.23 0.531 
296 0 0 
297 0 0 
298 1000.23 0.607 
299 1000.24 0.591 
300 1000.22 0.607 
301 1000.24 0.514 
302 0 0 
303 0 0 
304 0 0 
305 1000.27 0.571 
306 0 0 
307 0 0 
308 0 0 
309 0 0 
310 1000.37 0.538 
311 0 0 
312 0 0 
313 0 0 
314 1000.34 0.94 
315 1000.25 0.782 
316 1000.23 0.602 
317 0 0 
318 0 0 
319 0 0 
320 1000.27 0.615 
321 0 0 
322 0 0 
323 0 0 
324 0 0 
325 1000.26 0.614 
326 0 0 
327 0 0 
328 0 0 
329 1000.24 0.684 
330 1000.23 0.525 
331 0 0 
332 1000.22 0.722 
333 0 0 
334 1000.3 0.681 
335 1000.3 0.791 
336 0 0 
337 0 0 
338 1000.34 0.839 
339 0 0 
340 1000.34 0.798 
341 0 0 
342 1000.25 0.724 
343 0 0 
344 0 0 
345 1000.24 0.66 
346 0 0 
347 1000.27 0.591 
348 1000.24 0.706 
349 0 0 
350 1000.26 0.739 
351 0 0 
352 0 0 
353 0.243 0.697 
354 0.288 0.703 
355 1000.24 0.64 
356 0 0 
357 0 0 
358 0.254 0.78 
359 0 0 
360 1000.25 0.699 
361 0 0 
362 1000.21 0.572 
363 0 0 
364 0 0 
365 1000.25 0.591 
366 1000.2 0.567 
367 0 0 
368 0 0 
369 0 0 
370 1000.28 0.612 
371 0 0 
372 0 0 
373 0.208 0.452 
374 0 0 
375 1000.26 0.639 
376 0 0 
377 0 0 
378 0 0 
379 0 0 
380 1000.3 0.594 
381 1000.29 0.643 
382 0 0 
383 1000.29 0.653 
384 0 0 
385 1000.23 0.562 
386 0 0 
387 0 0 
388 0 0 
389 0 0 
390 1000.28 0.62 
391 0 0 
392 0 0 
393 0 0 
394 0 0 
395 1000.32 0.675 
396 0 0 
397 0 0 
398 0 0 
399 0 0 
400 1000.3 0.662 
401 0 0 
402 0 0 
403 1000.25 0.58 
404 0 0 
405 1000.32 0.949 
406 0 0 
407 0 0 
408 0 0 
409 0 0 
410 1000.34 0.678 
411 0 0 
412 1000.23 0.52 
413 1000.37 0.651 
414 0 0 
415 1000.24 0.662 
416 0 0 
417 0 0 
418 0 0 
419 0 0 
420 1000.24 0.611 
421 0 0 
422 0 0 
423 0 0 
424 0 0 
425 1000.23 0.556 
426 0 0 
427 0 0 
428 0 0 
429 0 0 
430 1000.25 0.634 
431 0 0 
432 0 0 
433 1000.69 0.881 
434 1000.27 0.645 
435 1000.2 0.577 
436 0 0 
437 0 0 
438 0 0 
439 0 0 
440 1000.23 0.831 
441 0 0 
442 0 0 
443 0 0 
444 1000.27 0.793 
445 1000.27 0.532 
446 0 0 
447 0 0 
448 0 0 
449 0 0 
450 1000.21 0.602 
451 0 0 
452 0 0 
453 0 0 
454 1000.2 0.555 
455 1000.26 0.59 
456 0 0 
457 0 0 
458 0 0 
459 0 0 
460 1000.24 0.593 
461 1000.21 0.621 
462 0 0 
463 1000.24 0.528 
464 0 0 
465 1000.24 0.561 
466 0 0 
467 0 0 
468 0 0 
469 0 0 
470 1000.26 0.64 
471 0 0 
472 0 0 
473 0 0 
474 1000.26 0.641 
475 1000.22 0.607 
476 0 0 
477 0 0 
478 0 0 
479 0 0 
480 1000.2 0.686 
481 0 0 
482 0 0 
483 1000.25 0.557 
484 0 0 
485 1000.2 0.615 
486 0 0 
487 0 0 
488 0 0 
489 0 0 
490 1000.25 0.628 
491 0 0 
492 0 0 
493 0 0 
494 0.19 0.731 
495 1000.22 0.724 
496 1000.21 0.6 
497 0 0 
498 0 0 
499 1000.26 0.596 
500 1000.23 0.694 
501 0 0 
502 1000.21 0.62 
503 0 0 
504 0 0 
505 1000.22 0.584 
506 1000.24 0.533 
507 0 0 
508 0 0 
509 0 0 
510 1000.2 0.576 
511 0 0 
512 0 0 
513 0 0 
514 0 0 
515 1000.2 0.678 
516 0 0 
517 0 0 
518 0 0 
519 1000.28 0.756 
520 1000.28 0.552 
521 0 0 
522 0 0 
523 1000.21 0.485 
524 0 0 
525 1000.21 0.587 
526 0 0 
527 0 0 
528 0 0 
529 0 0 
530 1000.2 0.645 
531 0 0 
532 0 0 
533 0 0 
534 0 0 
535 1000.31 0.686 
536 0 0 
537 0 0 
538 0 0 
539 0 0 
540 1000.2 0.476 
541 0 0 
542 0 0 
543 1000.28 0.596 
544 0 0 
545 1000.2 0.556 
546 0 0 
547 1000.27 0.627 
548 0 0 
549 0 0 
550 1000.22 0.734 
551 0 0 
552 0 0 
553 0 0 
554 0 0 
555 1000.23 0.626 
556 0 0 
557 0 0 
558 0.26 0.52 
559 0 0 
560 1000.23 0.587 
561 0 0 
562 0 0 
563 1000.2 0.658 
564 0 0 
565 1000.29 0.762 
566 0 0 
567 1000.27 0.674 
568 0 0 
569 1000.27 0.804 
570 1000.21 0.584 
571 0 0 
572 0 0 
573 1000.28 0.644 
574 0 0 
575 1000.21 0.54 
576 0 0 
577 0 0 
578 0 0 
579 0 0 
580 1000.26 0.681 
581 0 0 
582 0 0 
583 0 0 
584 0 0 
585 1000.23 0.635 
586 0 0 
587 0 0 
588 0 0 
589 0 0 
590 1000.22 0.591 
591 0 0 
592 0 0 
593 1000.22 0.662 
594 0 0 
595 1000.29 0.612 
596 0 0 
597 0 0 
598 0 0 
599 0 0 
600 1000.23 0.478 
601 1000.21 0.588 
602 1000.23 0.531 
603 1000.28 0.611 
604 0 0 
605 1000.27 0.599 
606 0 0 
607 0 0 
608 0 0 
609 0 0 
610 1000.2 0.598 
611 0 0 
612 0 0 
613 0 0 
614 0 0 
615 1000.19 0.512 
616 0 0 
617 0 0 
618 0 0 
619 0 0 
620 1000.24 0.893 
621 0 0 
622 0 0 
623 0 0 
624 1000.23 0.623 
625 1000.21 0.667 
626 0 0 
627 0 0 
628 0 0 
629 0 0 
630 1000.25 0.757 
631 0 0 
632 0 0 
633 0 0 
634 1000.24 0.799 
635 1000.2 0.819 
636 0 0 
637 0 0 
638 0 0 
639 0 0 
640 1000.25 0.701 
641 1000.23 0.669 
642 0 0 
643 0 0 
644 0 0 
645 1000.47 0.814 
646 0 0 
647 0 0 
648 0 0 
649 1000.22 0.785 
650 1000.23 0.684 
651 0 0 
652 0 0 
653 0 0 
654 0 0 
655 1000.22 0.822 
656 0 0 
657 0 0 
658 0 0 
659 0 0 
660 1000.22 0.695 
661 1000.28 0.696 
662 0 0 
663 1000.21 0.575 
664 0 0 
665 1000.35 0.942 
666 0 0 
667 0 0 
668 0 0 
669 0 0 
670 1000.29 0.597 
671 0 0 
672 0 0 
673 0 0 
674 0 0 
675 1000.28 0.648 
676 1000.21 0.569 
677 0 0 
678 0 0 
679 0 0 
680 1000.27 0.532 
681 0 0 
682 0 0 
683 0 0 
684 1000.2 0.5 
685 1000.2 0.525 
686 0 0 
687 1000.22 0.57 
688 0 0 
689 0 0 
690 1000.28 0.639 
691 1000.4 0.549 
692 0 0 
693 0 0 
694 0 0 
695 1000.23 0.624 
696 0 0 
697 0 0 
698 0 0 
699 0 0 
700 1000.3 0.693 
701 1000.28 0.599 
702 0 0 
703 0 0 
704 0 0 
705 1000.3 0.78 
706 0 0 
707 0 0 
708 0 0 
709 0 0 
710 1000.2 0.614 
711 1000.27 0.519 
712 0 0 
713 1000.23 0.81 
714 0 0 
715 1000.25 0.656 
716 1000.19 0.608 
717 0 0 
718 0 0 
719 0 0 
720 1000.29 0.669 
721 0 0 
722 0 0 
723 0 0 
724 1000.2 0.503 
725 1000.2 0.517 
726 0 0 
727 0 0 
728 0 0 
729 0 0 
730 1000.22 0.575 
731 1000.2 0.565 
732 1000.21 0.545 
733 0 0 
734 0 0 
735 1000.27 0.544 
736 0 0 
737 0 0 
738 0 0 
739 0 0 
740 1000.21 0.676 
741 0 0 
742 0 0 
743 0 0 
744 0 0 
745 1000.2 0.767 
746 0 0 
747 0 0 
748 0 0 
749 0 0 
750 1000.21 0.627 
751 0 0 
752 0 0 
753 1000.21 0.612 
754 1000.21 0.606 
755 1000.26 0.615 
756 0 0 
757 0 0 
758 0 0 
759 0 0 
760 1000.2 0.527 
761 1000.2 0.546 
762 0 0 
763 0 0 
764 0 0 
765 1000.25 0.795 
766 0 0 
767 0 0 
768 0 0 
769 0 0 
770 1000.19 0.758 
771 0 0 
772 1000.2 0.713 
773 0 0 
774 0.205 0.417 
775 1000.2 0.593 
776 0 0 
777 0 0 
778 0 0 
779 1000.21 0.633 
780 1000.25 0.754 
781 0 0 
782 0 0 
783 0 0 
784 0 0 
785 1000.19 0.666 
786 1000.19 0.566 
787 0 0 
788 0 0 
789 0 0 
790 1000.18 0.943 
791 0 0 
792 0 0 
793 0 0 
794 0 0 
795 1000.32 0.599 
796 0 0 
797 0 0 
798 1000.24 0.485 
799 0 0 
800 1000.2 0.414 
801 1000.22 0.479 
802 0 0 
803 0 0 
804 0 0 
805 1000.2 0.727 
806 0 0 
807 0 0 
808 0 0 
809 0 0 
810 1000.2 0.44 
811 0 0 
812 0 0 
813 0 0 
814 0 0 
815 1000.2 0.495 
816 0 0 
817 0 0 
818 0 0 
819 0 0 
820 1000.23 0.5 
821 0 0 
822 1000.2 0.58 
823 0 0 
824 0 0 
825 1000.23 0.657 
826 0 0 
827 1000.21 0.678 
828 0 0 
829 0 0 
830 1000.23 0.515 
831 0 0 
832 0 0 
833 0 0 
834 1000.27 0.453 
835 1000.22 0.58 
836 1000.21 0.435 
837 0 0 
838 0 0 
839 1000.19 0.391 
840 1000.33 0.423 
841 0 0 
842 0 0 
843 0 0 
844 0 0 
845 1000.19 0.477 
846 0 0 
847 0 0 
848 0 0 
849 0 0 
850 1000.19 0.418 
851 0 0 
852 0 0 
853 0 0 
854 0.172 0.568 
855 1000.2 0.556 
856 0 0 
857 0 0 
858 0 0 
859 0 0 
860 1000.19 0.453 
861 1000.2 0.563 
862 0 0 
863 0 0 
864 0 0 
865 1000.2 0.394 
866 0 0 
867 0 0 
868 1000.19 0.417 
869 0 0 
870 1000.24 0.419 
871 0 0 
872 0 0 
873 1000.23 0.599 
874 1000.23 0.487 
875 1000.18 0.492 
876 0 0 
877 0 0 
878 0 0 
879 0 0 
880 1000.29 0.613 
881 1000.72 0.644 
882 0 0 
883 0 0 
884 1000.46 0.707 
885 1000.32 0.592 
886 0 0 
887 0 0 
888 0 0 
889 0 0 
890 1000.22 0.534 
891 0 0 
892 0 0 
893 0 0 
894 0 0 
895 1000.31 0.684 
896 0 0 
897 0 0 
898 0 0 
899 0 0 
900 1000.2 0.465 
901 0 0 
902 0 0 
903 0 0 
904 0 0 
905 1000.26 0.541 
906 0 0 
907 0 0 
908 0 0 
909 0 0 
910 1000.19 0.622 
911 0 0 
912 0 0 
913 1000.19 0.764 
914 0 0 
915 1000.26 0.822 
916 1000.19 0.741 
917 0 0 
918 1000.19 0.731 
919 0 0 
920 1000.2 0.665 
921 0 0 
922 1000.21 0.497 
923 1000.19 0.512 
924 0 0 
925 1000.21 0.466 
926 0 0 
927 0 0 
928 0 0 
929 0 0 
930 1000.2 0.428 
931 0 0 
932 1000.19 0.528 
933 0 0 
934 1000.26 0.73 
935 1000.2 0.796 
936 0 0 
937 0 0 
938 0 0 
939 0 0 
940 1000.24 0.761 
941 0 0 
942 0 0 
943 0 0 
944 0 0 
945 1000.26 0.65 
946 0 0 
947 0 0 
948 0 0 
949 0 0 
950 1000.25 0.712 
951 0 0 
952 1000.29 0.534 
953 1000.27 0.803 
954 0 0 
955 1000.28 0.603 
956 0 0 
957 0 0 
958 0 0 
959 1000.31 0.549 
960 1000.23 0.732 
961 0 0 
962 0 0 
963 0 0 
964 0 0 
965 1000.2 0.56 
966 0 0 
967 0 0 
968 0 0 
969 1000.21 0.557 
970 1000.21 0.536 
971 1000.2 0.488 
972 0 0 
973 0 0 
974 0 0 
975 1000.2 0.458 
976 0 0 
977 0 0 
978 0 0 
979 0 0 
980 1000.2 0.747 
981 0 0 
982 0 0 
983 0 0 
984 0 0 
985 1000.28 0.858 
986 0 0 
987 0 0 
988 1000.26 0.846 
989 0 0 
990 1000.25 0.746 
991 1000.25 0.745 
992 0 0 
993 0 0 
994 0 0 
995 1000.27 0.673 
996 1000.24 0.645 
997 0 0 
998 0 0 
999 0 0 
1000 1000.19 0.683 
1001 0 0 
1002 0 0 
1003 1000.24 0.658 
1004 0 0 
1005 1000.2 0.572 
1006 0 0 
1007 0 0 
1008 1000.23 0.633 
1009 0 0 
1010 1000.26 0.674 
1011 0 0 
1012 0 0 
1013 1000.2 0.553 
1014 0 0 
1015 1000.27 0.657 
1016 0 0 
1017 0 0 
1018 1000.25 0.578 
1019 0 0 
1020 1000.2 0.785 
1021 0 0 
1022 0 0 
1023 1000.2 0.727 
1024 0 0 
1025 1000.2 0.685 
1026 0 0 
1027 0 0 
1028 0 0 
1029 0 0 
1030 1000.2 0.517 
1031 0 0 
1032 0 0 
1033 0 0 
1034 0 0 
1035 1000.21 0.516 
1036 0 0 
1037 0 0 
1038 0 0 
1039 1000.2 0.542 
1040 1000.29 0.585 
1041 1000.36 0.587 
1042 0 0 
1043 0 0 
1044 0 0 
1045 1000.21 0.515 
1046 1000.21 0.489 
1047 0 0 
1048 0 0 
1049 0 0 
1050 1000.28 0.88 
1051 0 0 
1052 0 0 
1053 0 0 
1054 0 0 
1055 1000.2 0.516 
1056 1000.28 0.592 
1057 0 0 
1058 1000.32 0.477 
1059 0 0 
1060 1000.28 0.675 
1061 0 0 
1062 1000.3 0.747 
1063 0 0 
1064 1000.29 0.462 
1065 1000.31 0.713 
1066 0 0 
1067 0 0 
1068 0 0 
1069 0 0 
1070 1000.3 0.578 
1071 0 0 
1072 0 0 
1073 1000.26 0.575 
1074 0 0 
1075 1000.22 0.648 
1076 0 0 
1077 0 0 
1078 0 0 
1079 0 0 
1080 1000.3 0.576 
1081 0 0 
1082 0 0 
1083 0 0 
1084 0 0 
1085 1000.25 0.565 
1086 1000.23 0.572 
1087 0 0 
1088 1000.33 0.647 
1089 0 0 
1090 1000.35 0.651 
1091 0 0 
1092 1000.22 0.702 
1093 0 0 
1094 0 0 
1095 1000.29 0.594 
1096 0 0 
1097 0 0 
1098 1000.31 0.599 
1099 0 0 
1100 1000.28 0.631 
1101 0 0 
1102 0 0 
1103 0 0 
1104 0 0 
1105 1000.22 0.671 
1106 0 0 
1107 0 0 
1108 0 0 
1109 1000.22 0.604 
1110 1000.28 0.754 
1111 0 0 
1112 0 0 
1113 0 0 
1114 0 0 
1115 1000.21 0.742 
1116 0 0 
1117 0 0 
1118 0 0 
1119 0 0 
1120 1000.23 0.784 
1121 0 0 
1122 0 0 
1123 0 0 
1124 0 0 
1125 1000.21 0.581 
1126 0 0 
1127 0 0 
1128 0.211 0.547 
1129 0.191 0.565 
1130 1000.24 0.723 
1131 0 0 
1132 0 0 
1133 0 0 
1134 1000.25 0.835 
1135 1000.26 0.962 
1136 0 0 
1137 0 0 
1138 1000.27 0.785 
1139 0 0 
1140 1000.29 0.768 
1141 0 0 
1142 0 0 
1143 0 0 
1144 0 0 
1145 1000.21 0.506 
1146 0 0 
1147 0 0 
1148 0 0 
1149 0 0 
1150 1000.26 0.477 
1151 0 0 
1152 0 0 
1153 1000.29 0.656 
1154 0 0 
1155 1000.23 0.635 
1156 1000.3 0.561 
1157 0 0 
1158 0 0 
1159 0 0 
1160 1000.23 0.591 
1161 0 0 
1162 1000.21 0.584 
1163 0 0 
1164 0 0 
1165 1000.32 0.664 
1166 0 0 
1167 0 0 
1168 0 0 
1169 0 0 
1170 1000.3 0.646 
1171 0 0 
1172 0.232 0.479 
1173 0 0 
1174 0 0 
1175 1000.29 0.595 
1176 1000.31 0.614 
1177 1000.29 0.602 
1178 1000.21 0.528 
1179 0 0 
1180 1000.24 0.555 
1181 0 0 
1182 0 0 
1183 1000.26 0.567 
1184 0 0 
1185 1000.26 0.626 
1186 0 0 
1187 0 0 
1188 0 0 
1189 0 0 
1190 1000.4 0.668 
1191 1000.21 0.651 
1192 0 0 
1193 0 0 
1194 0 0 
1195 1000.25 0.548 
1196 0 0 
1197 0 0 
1198 0 0 
1199 0 0 
1200 1000.19 0.497 
1201 0 0 
1202 1000.23 0.755 
1203 0 0 
1204 0 0 
1205 1000.18 1.127 
1206 0 0 
1207 0 0 
1208 0 0 
1209 0 0 
1210 1000.24 0.975 
1211 0.176 0.658 
1212 0 0 
1213 0 0 
1214 0.235 0.628 
1215 1000.19 0.81 
1216 1000.19 0.685 
1217 0 0 
1218 1000.26 0.91 
1219 0 0 
1220 1000.17 0.541 
1221 0 0 
1222 0 0 
1223 0 0 
1224 1000.22 0.498 
1225 1000.18 0.414 
1226 0 0 
1227 0 0 
1228 0 0 
1229 0 0 
1230 1000.18 0.594 
1231 1000.21 0.827 
1232 0 0 
1233 0 0 
1234 0 0 
1235 1000.17 0.595 
1236 0 0 
1237 1000.2 0.549 
1238 0 0 
1239 0 0 
1240 1000.18 0.808 
1241 0 0 
1242 0 0 
1243 0 0 
1244 0 0 
1245 1000.18 0.608 
1246 0 0 
1247 0 0 
1248 0 0 
1249 0 0 
1250 1000.22 0.868 
1251 0 0 
1252 0 0 
1253 0 0 
1254 0.258 0.681 
1255 1000.19 0.642 
1256 0 0 
1257 0 0 
1258 0 0 
1259 0 0 
1260 1000.19 0.627 
1261 1000.2 0.478 
1262 1000.23 0.502 
1263 0 0 
1264 1000.19 0.627 
1265 1000.21 0.496 
1266 0 0 
1267 0 0 
1268 0 0 
1269 1000.19 0.556 
1270 1000.2 0.515 
1271 0 0 
1272 0 0 
1273 0 0 
1274 1000.17 0.579 
1275 1000.17 0.543 
1276 0 0 
1277 0 0 
1278 0 0 
1279 1000.17 0.485 
1280 1000.2 0.541 
1281 0 0 
1282 0 0 
1283 1000.19 0.434 
1284 0 0 
1285 1000.2 0.496 
1286 0 0 
1287 0 0 
1288 0 0 
1289 0 0 
1290 1000.19 0.53 
1291 0 0 
1292 0 0 
1293 0 0 
1294 0 0 
1295 1000.19 0.381 
1296 0 0 
1297 0 0 
1298 0 0 
1299 0 0 
1300 1000.21 0.417 
1301 0 0 
1302 1000.22 0.445 
1303 0 0 
1304 1000.18 0.316 
1305 1000.21 0.315 
1306 0 0 
1307 0 0 
1308 0 0 
1309 1000.26 0.403 
1310 1000.22 0.49 
1311 1000.21 0.583 
1312 0 0 
1313 0 0 
1314 0 0 
1315 1000.19 0.562 
1316 0 0 
1317 0 0 
1318 0 0 
1319 0 0 
1320 1000.2 0.468 
1321 0 0 
1322 0 0 
1323 1000.26 0.512 
1324 0 0 
1325 1000.19 0.386 
1326 0 0 
1327 0 0 
1328 0 0 
1329 0 0 
1330 1000.2 0.425 
1331 1000.19 0.448 
1332 0 0 
1333 0 0 
1334 0 0 
1335 1000.2 0.411 
1336 1000.19 0.569 
1337 1000.19 0.439 
1338 0 0 
1339 0 0 
1340 1000.19 0.506 
1341 0 0 
1342 0 0 
1343 0 0 
1344 0 0 
1345 1000.19 0.589 
1346 0 0 
1347 1000.18 0.545 
1348 1000.19 0.614 
1349 0 0 
1350 1000.22 0.527 
1351 0 0 
1352 0 0 
1353 0 0 
1354 0 0 
1355 1000.22 0.533 
1356 0 0 
1357 0 0 
1358 0 0 
1359 1000.21 0.483 
1360 1000.17 0.519 
1361 0 0 
1362 0 0 
1363 0 0 
1364 1000.18 0.582 
1365 1000.15 0.493 
1366 0 0 
1367 0 0 
1368 0 0 
1369 1000.16 0.456 
1370 1000.16 0.447 
1371 0 0 
1372 1000.16 0.419 
1373 0 0 
1374 0 0 
1375 1000.16 0.48 
1376 0 0 
1377 0 0 
1378 0 0 
1379 0 0 
1380 1000.16 0.413 
1381 0 0 
1382 0 0 
1383 1000.16 0.44 
1384 0 0 
1385 1000.17 0.395 
1386 1000.16 0.436 
1387 0.142 0.299 
1388 0 0 
1389 0 0 
1390 1000.17 0.384 
1391 0 0 
1392 0 0 
1393 1000.17 0.394 
1394 0 0 
1395 1000.17 0.431 
1396 0 0 
1397 1000.16 0.382 
1398 0 0 
1399 0 0 
1400 1000.17 0.46 
1401 0 0 
1402 0 0 
1403 0 0 
1404 0 0 
1405 1000.17 0.436 
1406 0 0 
1407 0 0 
1408 0 0 
1409 0 0 
1410 1000.21 0.365 
1411 0 0 
1412 0 0 
1413 0 0 
1414 0 0 
1415 1000.18 0.518 
1416 0 0 
1417 0 0 
1418 0 0 
1419 0 0 
1420 1000.16 0.399 
1421 0 0 
1422 0 0 
1423 1000.16 0.473 
1424 0 0 
1425 1000.17 0.461 
1426 1000.16 0.45 
1427 0 0 
1428 1000.17 0.441 
1429 0 0 
1430 1000.15 0.401 
1431 1000.14 0.454 
1432 0 0 
1433 0 0 
1434 0 0 
1435 1000.15 0.444 
1436 0 0 
1437 1000.15 0.357 
1438 0 0 
1439 0 0 
1440 1000.15 0.399 
1441 1000.15 0.42 
1442 0 0 
1443 0 0 
1444 0 0 
1445 1000.14 0.357 
1446 0 0 
1447 0 0 
1448 0 0 
1449 0 0 
1450 1000.15 0.34 
1451 0 0 
1452 0 0 
1453 1000.15 0.328 
1454 0 0 
1455 1000.16 0.421 
1456 0 0 
1457 0 0 
1458 0 0 
1459 0 0 
1460 1000.16 0.38 
1461 1000.2 0.356 
1462 0 0 
1463 0 0 
1464 0 0 
1465 1000.14 0.43 
1466 0 0 
1467 0 0 
1468 1000.16 0.443 
1469 1000.16 0.515 
1470 1000.16 0.458 
1471 0 0 
1472 0 0 
1473 0 0 
1474 0 0 
1475 1000.17 0.437 
1476 0 0 
1477 0 0 
1478 0 0 
1479 0 0 
1480 1000.17 0.416 
1481 0 0 
1482 0 0 
1483 0 0 
1484 0 0 
1485 1000.16 0.624 
1486 0 0 
1487 0 0 
1488 0 0 
1489 0 0 
1490 1000.17 0.569 
1491 0 0 
1492 0 0 
1493 0 0 
1494 0 0 
1495 1000.33 0.508 
1496 1000.21 0.38 
1497 0 0 
1498 0 0 
1499 0 0 
1500 1000.2 0.433 
1501 1000.26 0.594 
1502 0 0 
1503 0 0 
1504 0 0 
1505 1000.26 0.546 
1506 0 0 
1507 0 0 
1508 1000.27 0.523 
1509 0 0 
1510 1000.21 0.458 
1511 0 0 
1512 0 0 
1513 0 0 
1514 0 0 
1515 1000.26 0.487 
1516 0 0 
1517 0 0 
1518 0 0 
1519 0 0 
1520 1000.22 0.525 
1521 0 0 
1522 0 0 
1523 1000.24 0.5 
1524 0 0 
1525 1000.24 0.584 
1526 0 0 
1527 0 0 
1528 0 0 
1529 0 0 
1530 1000.21 0.538 
1531 1000.21 0.581 
1532 1000.27 0.667 
1533 0 0 
1534 0 0 
1535 1000.23 0.531 
1536 0 0 
1537 0 0 
1538 1000.23 0.68 
1539 0 0 
1540 1000.23 0.652 
1541 0 0 
1542 0 0 
1543 0 0 
1544 0 0 
1545 1000.22 0.542 
1546 0 0 
1547 0 0 
1548 0 0 
1549 1000.22 0.535 
1550 1000.32 0.597 
1551 0 0 
1552 0 0 
1553 0 0 
1554 0 0 
1555 1000.33 1.134 
1556 0 0 
1557 1000.29 0.906 
1558 1000.29 0.876 
1559 0 0 
1560 1000.22 0.485 
1561 0 0 
1562 0 0 
1563 1000.26 0.53 
1564 1000.22 0.47 
1565 1000.23 0.53 
1566 0 0 
1567 0 0 
1568 0 0 
1569 0 0 
1570 1000.21 0.512 
1571 0 0 
1572 0 0 
1573 0 0 
1574 0 0 
1575 1000.22 0.552 
1576 0 0 
1577 0 0 
1578 0 0 
1579 0 0 
1580 1000.27 0.639 
1581 0 0 
1582 0 0 
1583 0 0 
1584 1000.29 0.573 
1585 1000.22 0.515 
1586 0 0 
1587 0 0 
1588 1000.25 0.617 
1589 0 0 
1590 1000.23 0.604 
1591 0 0 
1592 0 0 
1593 0 0 
1594 0 0 
1595 1000.28 0.68 
1596 0 0 
1597 0 0 
1598 0 0 
1599 0 0 
1600 1000.23 0.71 
1601 0 0 
1602 0 0 
1603 0 0 
1604 0 0 
1605 1000.24 0.581 
1606 0 0 
1607 0 0 
1608 1000.22 0.488 
1609 0 0 
1610 1000.29 0.847 
1611 1000.29 0.615 
1612 1000.21 0.633 
1613 0 0 
1614 1000.3 0.573 
1615 1000.23 0.566 
1616 1000.29 0.613 
1617 0 0 
1618 0 0 
1619 0 0 
1620 1000.23 0.556 
1621 0 0 
1622 0 0 
1623 0 0 
1624 1000.48 0.684 
1625 1000.21 0.47 
1626 0 0 
1627 0 0 
1628 0 0 
1629 1000.28 0.598 
1630 1000.19 0.465 
1631 0 0 
1632 0 0 
1633 0 0 
1634 0 0 
1635 1000.21 0.479 
1636 1000.19 0.496 
1637 1000.26 0.54 
1638 0 0 
1639 0 0 
1640 1000.25 0.515 
1641 1000.23 0.897 
1642 0 0 
1643 0 0 
1644 1000.26 0.785 
1645 1000.25 0.831 
1646 0 0 
1647 0 0 
1648 0 0 
1649 0 0 
1650 1000.26 0.656 
1651 0 0 
1652 0 0 
1653 0 0 
1654 0 0 
1655 1000.21 0.448 
1656 1000.2 0.561 
1657 0 0 
1658 0 0 
1659 0 0 
1660 1000.22 0.569 
1661 0 0 
1662 1000.27 0.681 
1663 0 0 
1664 1000.24 0.547 
1665 1000.23 0.469 
1666 0 0 
1667 0 0 
1668 0 0 
1669 0 0 
1670 1000.19 0.538 
1671 0 0 
1672 0 0 
1673 0 0 
1674 0 0 
1675 1000.21 0.67 
1676 0 0 
1677 1000.26 0.717 
1678 0 0 
1679 0 0 
1680 1000.25 0.704 
1681 0 0 
1682 0 0 
1683 0 0 
1684 1000.2 0.555 
1685 1000.21 0.612 
1686 0 0 
1687 1000.25 0.879 
1688 1000.2 0.688 
1689 1000.22 0.722 
1690 1000.3 0.762 
1691 0 0 
1692 1000.29 0.742 
1693 0 0 
1694 0 0 
1695 1000.22 0.558 
1696 0 0 
1697 0 0 
1698 0 0 
1699 0 0 
1700 1000.28 0.769 
1701 0 0 
1702 0 0 
1703 0 0 
1704 1000.22 0.502 
1705 1000.28 0.688 
1706 0 0 
1707 0 0 
1708 0 0 
1709 1000.28 0.589 
1710 1000.23 0.599 
1711 0 0 
1712 0 0 
1713 0 0 
1714 0 0 
1715 1000.26 0.626 
1716 0 0 
1717 0 0 
1718 0 0 
1719 0 0 
1720 1000.26 0.778 
1721 1000.21 0.619 
1722 0 0 
1723 0 0 
1724 0 0 
1725 1000.2 0.792 
1726 0 0 
1727 0 0 
1728 1000.21 0.68 
1729 0 0 
1730 1000.2 0.522 
1731 0 0 
1732 0 0 
1733 0 0 
1734 1000.21 0.552 
1735 1000.21 0.503 
1736 1000.28 0.77 
1737 0 0 
1738 1000.22 0.529 
1739 0 0 
1740 1000.21 0.479 
1741 1000.27 0.926 
1742 0 0 
1743 0 0 
1744 0 0 
1745 1000.28 0.685 
1746 0 0 
1747 0 0 
1748 0 0 
1749 0 0 
1750 1000.28 0.501 
1751 0 0 
1752 0 0 
1753 0 0 
1754 0 0 
1755 1000.21 0.59 
1756 1000.22 0.569 
1757 1000.2 0.577 
1758 0 0 
1759 0 0 
1760 1000.19 0.577 
1761 0 0 
1762 0 0 
1763 0 0 
1764 0 0 
1765 1000.18 0.467 
1766 0 0 
1767 1000.25 0.418 
1768 0 0 
1769 0 0 
1770 1000.39 0.64 
1771 0 0 
1772 0 0 
1773 0 0 
1774 0 0 
1775 1000.2 0.593 
1776 0 0 
1777 0 0 
1778 0 0 
1779 0 0 
1780 1000.2 0.577 
1781 0 0 
1782 0 0 
1783 0 0 
1784 1000.18 0.535 
1785 1000.2 0.59 
1786 0 0 
1787 0 0 
1788 0 0 
1789 0 0 
1790 1000.19 0.534 
1791 1000.2 0.519 
1792 0 0 
1793 0 0 
1794 0 0 
1795 1000.21 0.543 
1796 0 0 
1797 0 0 
1798 0 0 
1799 0 0 
1800 1000.28 0.592 
1801 0 0 
1802 1000.27 0.51 
1803 0 0 
1804 1000.19 0.563 
1805 1000.26 0.587 
1806 1000.2 0.492 
1807 0 0 
1808 0 0 
1809 0 0 
1810 1000.2 0.605 
1811 0 0 
1812 0 0 
1813 0 0 
1814 0 0 
1815 1000.26 0.611 
1816 0 0 
1817 1000.2 0.542 
1818 0 0 
1819 0 0 
1820 1000.22 0.598 
1821 0 0 
1822 0 0 
1823 1000.22 1.006 
1824 0 0 
1825 1000.2 0.953 
1826 0 0 
1827 0 0 
1828 0 0 
1829 0 0 
1830 1000.2 0.574 
1831 0 0 
1832 0 0 
1833 0 0 
1834 0 0 
1835 1000.26 0.489 
1836 1000.2 0.529 
1837 0 0 
1838 0 0 
1839 0 0 
1840 1000.2 0.633 
1841 0 0 
1842 0 0 
1843 0 0 
1844 1000.2 0.544 
1845 1000.26 0.584 
1846 1000.25 0.6 
1847 0 0 
1848 0 0 
1849 0 0 
1850 1000.28 0.576 
1851 0 0 
1852 0 0 
1853 0 0 
1854 1000.2 0.501 
1855 1000.26 0.548 
1856 0 0 
1857 0 0 
1858 0 0 
1859 0 0 
1860 1000.26 0.67 
1861 0 0 
1862 0 0 
1863 0 0 
1864 0 0 
1865 1000.2 0.619 
1866 0 0 
1867 1000.21 0.617 
1868 0 0 
1869 0 0 
1870 1000.28 0.647 
1871 0 0 
1872 0 0 
1873 1000.22 0.674 
1874 0 0 
1875 1000.39 0.651 
1876 0 0 
1877 0 0 
1878 0 0 
1879 0 0 
1880 1000.22 0.609 
1881 0 0 
1882 0 0 
1883 1000.2 0.614 
1884 1000.27 0.651 
1885 1000.23 0.56 
1886 1000.2 0.573 
1887 1000.27 0.687 
1888 0 0 
1889 0 0 
1890 1000.28 0.608 
1891 0 0 
1892 0 0 
1893 0 0 
1894 1000.3 0.565 
1895 1000.31 0.684 
1896 0 0 
1897 0 0 
1898 0 0 
1899 0 0 
1900 1000.21 0.525 
1901 0 0 
1902 0 0 
1903 0 0 
1904 0 0 
1905 1000.31 0.637 
1906 0 0 
1907 0 0 
1908 0 0 
1909 0 0 
1910 1000.28 0.675 
1911 0 0 
1912 1000.2 0.529 
1913 1000.23 0.543 
1914 0 0 
1915 1000.21 0.456 
1916 0 0 
1917 0 0 
1918 1000.24 0.783 
1919 0 0 
1920 1000.25 0.674 
1921 0 0 
1922 1000.21 0.682 
1923 0 0 
1924 0 0 
1925 1000.2 0.576 
1926 0 0 
1927 0 0 
1928 1000.21 0.57 
1929 1000.23 0.605 
1930 1000.27 0.592 
1931 0 0 
1932 0 0 
1933 1000.19 0.518 
1934 0 0 
1935 1000.2 0.508 
1936 0 0 
1937 1000.24 0.677 
1938 1000.18 0.711 
1939 0 0 
1940 1000.23 0.727 
1941 0 0 
1942 0 0 
1943 0 0 
1944 0 0 
1945 1000.21 0.639 
1946 0 0 
1947 0 0 
1948 0 0 
1949 0 0 
1950 1000.22 0.438 
1951 0 0 
1952 0 0 
1953 0 0 
1954 0 0 
1955 1000.24 0.628 
1956 0 0 
1957 1000.21 0.563 
1958 0 0 
1959 0 0 
1960 1000.21 0.752 
1961 1000.25 0.645 
1962 0 0 
1963 0 0 
1964 0 0 
1965 1000.19 0.704 
1966 0 0 
1967 1000.19 0.593 
1968 1000.2 0.622 
1969 0 0 
1970 1000.21 0.56 
1971 0 0 
1972 0 0 
1973 1000.18 0.498 
1974 0 0 
1975 1000.21 0.497 
1976 0 0 
1977 1000.37 0.693 
1978 0 0 
1979 1000.16 0.483 
1980 1000.18 0.48 
1981 0 0 
1982 0 0 
1983 1000.19 0.613 
1984 0 0 
1985 1000.25 0.718 
1986 0 0 
1987 0 0 
1988 1000.18 0.486 
1989 0 0 
1990 1000.22 0.532 
1991 0 0 
1992 0 0 
1993 0 0 
1994 0 0 
1995 1000.18 0.607 
1996 0 0 
1997 0 0 
1998 0 0 
1999 0 0 
2000 1000.24 0.832 
2001 0 0 
2002 0 0 
2003 0 0 
2004 0 0 
2005 1000.24 0.697 
2006 0 0 
2007 0 0 
2008 0 0 
2009 0 0 
2010 1000.2 0.564 
2011 1000.19 0.456 
2012 1000.18 0.557 
2013 0 0 
2014 0 0 
2015 1000.23 0.572 
2016 0 0 
2017 0 0 
2018 0 0 
2019 0 0 
2020 1000.27 0.729 
2021 0 0 
2022 0 0 
2023 0 0 
2024 0 0 
2025 1000.22 0.558 
2026 0 0 
2027 1000.21 0.567 
2028 0 0 
2029 1000.31 0.851 
2030 1000.21 0.707 
2031 0 0 
2032 0 0 
2033 0 0 
2034 0 0 
2035 1000.25 0.665 
2036 0 0 
2037 1000.18 0.643 
2038 0 0 
2039 0 0 
2040 1000.2 0.587 
2041 0 0 
2042 0 0 
2043 0 0 
2044 0 0 
2045 1000.2 0.624 
2046 0 0 
2047 0 0 
2048 0 0 
2049 1000.25 0.643 
2050 1000.19 0.552 
2051 0 0 
2052 1000.2 0.449 
2053 0 0 
2054 0 0 
2055 1000.2 0.488 
2056 0 0 
2057 0 0 
2058 0 0 
2059 0 0 
2060 1000.19 0.688 
2061 0 0 
2062 0 0 
2063 0 0 
2064 0 0 
2065 1000.25 0.681 
2066 1000.19 0.571 
2067 0 0 
2068 0 0 
2069 0 0 
2070 1000.26 0.899 
2071 0 0 
2072 0 0 
2073 0 0 
2074 0 0 
2075 1000.23 0.556 
2076 1000.2 0.436 
2077 0 0 
2078 1000.19 0.573 
2079 1000.27 0.522 
2080 1000.21 0.566 
2081 0 0 
2082 0 0 
2083 0 0 
2084 0 0 
2085 1000.27 0.592 
2086 0 0 
2087 0 0 
2088 1000.21 0.661 
2089 0 0 
2090 1000.17 0.595 
2091 0 0 
2092 0 0 
2093 0 0 
2094 0 0 
2095 1000.18 0.488 
2096 0 0 
2097 0 0 
2098 1000.17 0.422 
2099 0 0 
2100 1000.19 0.459 
2101 1000.2 0.456 
2102 0 0 
2103 0 0 
2104 0 0 
2105 1000.18 0.681 
2106 0 0 
2107 0 0 
2108 0 0 
2109 0 0 
2110 1000.24 0.551 
2111 1000.17 0.477 
2112 0 0 
2113 1000.26 0.481 
2114 0 0 
2115 1000.23 0.563 
2116 1000.18 0.482 
2117 0 0 
2118 0 0 
2119 0 0 
2120 1000.19 0.533 
2121 0 0 
2122 0 0 
2123 0 0 
2124 0 0 
2125 1000.18 0.525 
2126 0 0 
2127 0 0 
2128 0 0 
2129 0 0 
2130 1000.19 0.729 
2131 0 0 
2132 0 0 
2133 0 0 
2134 0 0 
2135 1000.18 0.659 
2136 0 0 
2137 0 0 
2138 0 0 
2139 1000.18 0.646 
2140 1000.2 0.628 
2141 0 0 
2142 0 0 
2143 0 0 
2144 0 0 
2145 1000.25 0.575 
2146 0 0 
2147 1000.2 0.519 
2148 0 0 
2149 0 0 
2150 1000.19 0.68 
2151 0 0 
2152 1000.18 0.608 
2153 0 0 
2154 0 0 
2155 1000.2 0.697 
2156 0 0 
2157 0 0 
2158 0 0 
2159 0 0 
2160 1000.22 0.543 
2161 0 0 
2162 0 0 
2163 0 0 
2164 0 0 
2165 1000.23 0.606 
2166 1000.22 0.534 
2167 0 0 
2168 0 0 
2169 0 0 
2170 1000.28 0.613 
2171 0 0 
2172 0 0 
2173 0 0 
2174 1000.19 0.581 
2175 1000.31 0.588 
2176 0 0 
2177 0 0 
2178 0 0 
2179 0 0 
2180 1000.25 0.696 
2181 0 0 
2182 0 0 
2183 0 0 
2184 0 0 
2185 1000.18 0.558 
2186 0 0 
2187 1000.19 0.517 
2188 1000.17 0.487 
2189 1000.17 0.534 
2190 1000.18 0.445 
2191 1000.19 0.451 
2192 0 0 
2193 1000.24 0.689 
2194 0 0 
2195 1000.19 0.624 
2196 0 0 
2197 0 0 
2198 0 0 
2199 0 0 
2200 1000.28 0.725 
2201 1000.2 0.695 
2202 0 0 
2203 1000.18 0.641 
2204 0 0 
2205 1000.24 0.692 
2206 0 0 
2207 0 0 
2208 0 0 
2209 0 0 
2210 1000.28 0.765 
2211 1000.27 0.611 
2212 0 0 
2213 1000.2 0.565 
2214 0 0 
2215 1000.25 0.543 
2216 0 0 
2217 0 0 
2218 0 0 
2219 0 0 
2220 1000.26 0.642 
2221 0 0 
2222 1000.25 0.643 
2223 0 0 
2224 1000.2 0.539 
2225 1000.21 0.65 
2226 0 0 
2227 0 0 
2228 0 0 
2229 0 0 
2230 1000.21 0.506 
2231 0 0 
2232 1000.22 0.509 
2233 0 0 
2234 0 0 
2235 1000.27 0.546 
2236 1000.26 0.64 
2237 0 0 
2238 0 0 
2239 0 0 
2240 1000.24 0.697 
2241 0 0 
2242 0 0 
2243 0 0 
2244 0 0 
2245 1000.26 0.605 
2246 0 0 
2247 1000.2 0.485 
2248 0 0 
2249 0 0 
2250 1000.19 0.663 
2251 0 0 
2252 0 0 
2253 0 0 
2254 1000.19 0.59 
2255 1000.18 0.604 
2256 0 0 
2257 0 0 
2258 0 0 
2259 0 0 
2260 1000.23 0.571 
2261 0 0 
2262 0 0 
2263 1000.19 0.583 
2264 0 0 
2265 1000.19 0.512 
2266 0 0 
2267 0 0 
2268 0 0 
2269 1000.22 0.486 
2270 1000.23 0.596 
2271 0 0 
2272 0 0 
2273 0 0 
2274 0 0 
2275 1000.21 0.56 
2276 0 0 
2277 1000.19 0.47 
2278 1000.31 0.445 
2279 0 0 
2280 1000.22 0.539 
2281 0 0 
2282 0 0 
2283 0 0 
2284 0 0 
2285 1000.26 0.554 
2286 0 0 
2287 0 0 
2288 0 0 
2289 0 0 
2290 1000.24 0.752 
2291 0 0 
2292 0 0 
2293 1000.21 0.672 
2294 0 0 
2295 1000.2 0.77 
2296 0 0 
2297 0 0 
2298 0 0 
2299 0 0 
2300 1000.2 0.518 
2301 0 0 
2302 0 0 
2303 0 0 
2304 0 0 
2305 1000.19 0.65 
2306 0 0 
2307 0 0 
2308 0 0 
2309 0 0 
2310 1000.29 0.696 
2311 0 0 
2312 0 0 
2313 0 0 
2314 0 0 
2315 1000.21 0.588 
2316 1000.28 0.767 
2317 1000.2 0.617 
2318 1000.25 0.615 
2319 0 0 
2320 1000.2 0.63 
2321 0 0 
2322 0 0 
2323 0 0 
2324 0 0 
2325 1000.23 0.561 
2326 0 0 
2327 0 0 
2328 0 0 
2329 1000.18 0.558 
2330 1000.19 0.658 
2331 0 0 
2332 0 0 
2333 0 0 
2334 1000.24 0.605 
2335 1000.19 0.484 
2336 0 0 
2337 0 0 
2338 0 0 
2339 0 0 
2340 1000.53 0.736 
2341 0 0 
2342 0 0 
2343 0 0 
2344 0 0 
2345 1000.26 0.742 
2346 0 0 
2347 0 0 
2348 0 0 
2349 0 0 
2350 1000.18 0.577 
2351 1000.21 0.657 
2352 0 0 
2353 1000.23 0.695 
2354 0 0 
2355 1000.2 0.501 
2356 0 0 
2357 0 0 
2358 1000.18 0.497 
2359 0 0 
2360 1000.17 0.631 
2361 0 0 
2362 0 0 
2363 0 0 
2364 0 0 
2365 1000.23 0.625 
2366 0 0 
2367 1000.18 0.503 
2368 0 0 
2369 0 0 
2370 1000.18 0.486 
2371 0 0 
2372 0 0 
2373 0 0 
2374 0 0 
2375 1000.21 0.554 
2376 0 0 
2377 0 0 
2378 0 0 
2379 0.209 0.69 
2380 1000.19 0.527 
2381 0 0 
2382 0 0 
2383 1000.2 0.515 
2384 0 0 
2385 1000.27 0.527 
2386 1000.21 0.561 
2387 0 0 
2388 0 0 
2389 1000.26 0.517 
2390 1000.18 0.466 
2391 0 0 
2392 0 0 
2393 1000.19 0.481 
2394 0 0 
2395 1000.27 0.627 
2396 0 0 
2397 0 0 
2398 0 0 
2399 0 0 
2400 1000.19 0.53 
2401 0 0 
2402 0 0 
2403 0 0 
2404 0 0 
2405 1000.19 0.523 
2406 0 0 
2407 0 0 
2408 0 0 
2409 0 0 
2410 1000.18 0.431 
2411 0 0 
2412 0 0 
2413 0 0 
2414 1000.19 0.474 
2415 1000.2 0.547 
2416 0 0 
2417 0 0 
2418 0 0 
2419 0 0 
2420 1000.21 0.596 
2421 0 0 
2422 1000.25 0.668 
2423 0 0 
2424 0 0 
2425 1000.17 0.582 
2426 0 0 
2427 0 0 
2428 1000.25 0.634 
2429 0 0 
2430 1000.19 0.497 
2431 0 0 
2432 0 0 
2433 0 0 
2434 0 0 
2435 1000.21 0.49 
2436 0 0 
2437 0 0 
2438 0 0 
2439 0 0 
2440 1000.23 0.636 
2441 0 0 
2442 0 0 
2443 1000.18 0.816 
2444 1000.17 0.672 
2445 1000.18 0.578 
2446 1000.18 0.48 
2447 0 0 
2448 1000.18 0.665 
2449 0 0 
2450 1000.19 0.507 
2451 0 0 
2452 0 0 
2453 1000.19 0.463 
2454 0 0 
2455 1000.2 0.371 
2456 0 0 
2457 0 0 
2458 0 0 
2459 0 0 
2460 1000.2 0.525 
2461 0 0 
2462 1000.21 0.516 
2463 0 0 
2464 0 0 
2465 1000.2 0.513 
2466 0 0 
2467 1000.21 0.663 
2468 0 0 
2469 0 0 
2470 1000.18 0.494 
2471 0 0 
2472 0 0 
2473 0 0 
2474 0 0 
2475 1000.21 0.626 
2476 0 0 
2477 0 0 
2478 0 0 
2479 1000.22 0.489 
2480 1000.19 0.484 
2481 0 0 
2482 0 0 
2483 0 0 
2484 0 0 
2485 1000.21 0.52 
2486 1000.21 0.514 
2487 1000.2 0.49 
2488 0.152 0.58 
2489 0 0 
2490 1000.2 0.57 
2491 1000.27 0.542 
2492 0 0 
2493 0 0 
2494 0 0 
2495 1000.2 0.553 
2496 0 0 
2497 0 0 
2498 0.198 0.411 
2499 0 0 
2500 0 0 
2501 0 0 
2502 0 0 
2503 0 0 
2504 0.213 0.414 
2505 0 0 
2506 0.233 0.421 
2507 0 0 
2508 0 0 
2509 0 0 
2510 0.221 0.349 
2511 0 0 
