21 35 10
58,492,40;425,694,100;552,550,215;681,328,230;468,51,275;48,252,350;473,265,395;398,392,415;422,392,425;473,532,465;537,198,485;132,450,555;169,539,605;621,102,650;417,541,705;673,129,740;103,351,785;390,263,930;338,526,980;492,603,1025;600,480,1055;471,110,1145;116,129,1180;131,137,1210;103,187,1235;390,417,1260;207,113,1325;43,197,1365;59,114,1405;125,675,1520;479,74,1565;463,182,1620;250,269,1640;194,613,1700;468,100,1725;479,522,1820;520,410,1965;551,456,2025;632,121,2105;36,546,2135;337,107,2220;45,285,2295;71,214,2345;71,484,2395;624,100,2485;
322,386,15;285,269,35;130,683,60;400,64,105;117,478,160;565,477,195;695,387,260;460,123,325;169,403,475;379,119,550;128,325,635;544,417,690;382,182,765;120,680,810;691,627,855;134,188,875;125,270,910;269,590,935;627,281,950;46,464,1005;390,407,1035;410,61,1070;60,683,1125;607,195,1160;480,547,1265;547,592,1295;589,488,1375;689,535,1400;527,334,1460;550,453,1495;275,495,1530;406,195,1580;270,338,1610;256,59,1655;54,417,1705;522,103,1740;172,352,1770;421,53,1825;118,609,1925;604,534,1970;464,414,1975;520,202,2010;414,114,2075;189,488,2115;340,492,2275;352,57,2315;132,325,2365;51,548,2415;470,271,2450;
405,540,20;550,537,70;544,410,90;403,691,115;541,43,170;42,534,240;537,191,255;256,471,310;475,484,330;450,121,355;121,677,375;677,393,430;613,49,545;58,548,645;686,478,680;622,471,750;394,674,800;328,609,940;193,379,1015;408,475,1045;691,172,1065;278,691,1155;622,678,1230;247,408,1285;478,667,1330;673,399,1420;338,269,1455;659,462,1500;258,605,1550;663,172,1600;99,186,1660;121,622,1685;546,190,1760;323,526,1790;561,110,1865;44,527,1885;536,329,1985;425,112,2020;117,690,2040;622,619,2070;677,544,2085;526,479,2125;621,473,2180;269,616,2245;616,50,2290;258,422,2330;390,188,2360;120,125,2410;310,546,2435;619,240,2465;204,617,2490;
341,386,55;319,263,95;118,686,110;614,325,150;462,193,175;313,144,305;464,547,390;625,64,420;627,263,455;243,551,600;592,328,630;123,57,675;57,470,685;544,616,715;676,688,725;519,552,790;272,188,805;56,684,840;625,546,905;478,144,960;40,471,985;49,189,1030;247,459,1085;109,271,1100;408,609,1220;351,36,1280;323,198,1315;61,400,1395;51,55,1425;60,127,1510;519,631,1570;421,456,1635;631,459,1670;600,255,1680;252,268,1755;55,336,1800;337,341,1830;340,534,1850;677,259,1905;200,403,1940;339,548,2030;617,202,2055;199,309,2100;400,142,2140;285,495,2170;597,188,2195;335,684,2270;686,250,2350;495,425,2440;535,183,2445;215,484,2470;
320,526,5;37,190,25;51,199,50;44,589,85;547,355,190;320,681,220;541,137,265;453,599,295;634,609,340;608,592,365;695,403,400;686,480,440;589,45,480;130,252,595;562,330,625;536,394,670;40,313,775;342,260,865;197,632,860;462,541,945;536,694,975;414,121,1010;46,520,1090;663,325,1175;334,616,1215;592,137,1240;138,533,1270;465,142,1305;36,463,1335;477,488,1380;172,540,1430;551,258,1465;324,252,1525;183,36,1545;115,325,1590;195,256,1625;46,275,1645;412,118,1730;117,48,1750;45,200,1780;103,255,1845;112,613,1890;659,215,1990;534,129,2065;121,410,2165;480,182,2205;673,465,2235;468,667,2260;635,412,2455;
240,379,80;266,602,120;107,473,165;407,331,210;338,272,225;478,263,290;342,57,345;60,53,445;59,425,515;390,45,540;53,113,585;270,592,660;695,533,700;460,681,735;680,470,760;405,182,795;185,189,815;182,604,830;619,613,870;408,331,890;264,239,915;202,333,965;335,608,995;398,469,1115;674,340,1135;484,198,1190;102,200,1245;99,417,1320;342,195,1345;126,479,1370;405,99,1435;275,43,1480;123,37,1535;112,597,1585;562,618,1615;692,199,1720;688,424,1875;110,352,1915;114,344,1930;418,187,1980;113,463,2015;468,589,2080;624,551,2145;468,622,2150;624,616,2190;618,285,2225;250,672,2255;673,532,2265;676,492,2280;600,386,2340;107,404,2355;337,386,2420;
408,272,155;326,125,180;269,600,470;565,110,505;253,188,525;466,477,575;688,396,615;488,608,655;680,74,720;250,610,745;99,545,880;625,327,1040;404,59,1080;54,534,1120;390,389,1140;424,614,1170;618,187,1205;71,195,1225;51,604,1310;468,118,1410;189,351,1470;319,667,1540;250,339,1630;417,118,1675;112,414,1745;625,686,1785;660,540,1810;534,117,1840;187,130,1860;239,551,1910;411,189,1955;183,634,2005;602,541,2035;685,478,2050;424,561,2155;106,256,2185;324,183,2230;405,48,2305;61,351,2400;320,532,2475;535,326,2495;
541,267,10;257,526,45;324,202,140;379,67,185;382,386,250;322,319,280;672,545,300;687,610,335;617,547,370;621,64,380;102,600,405;608,602,460;607,602,490;609,481,500;621,352,530;352,589,560;616,398,610;392,142,640;43,519,710;625,257,770;329,246,850;250,269,895;138,329,920;195,406,970;334,341,1000;331,398,1110;54,259,1130;400,677,1195;681,120,1255;188,688,1275;614,322,1340;254,183,1355;182,688,1415;622,333,1450;522,64,1490;268,266,1555;266,494,1560;527,481,1595;482,285,1665;387,600,1695;465,187,1690;333,339,1775;334,325,1795;327,460,1805;459,324,1835;543,330,1870;254,466,1900;336,118,1935;115,43,1950;36,56,2000;48,190,2045;48,424,2110;492,267,2120;119,616,2175;340,549,2300;546,183,2320;193,338,2370;695,466,2390;610,60,2430;
545,562,0;597,123,30;191,479,65;342,532,125;533,102,135;272,355,200;462,561,235;422,529,245;386,674,270;603,616,285;552,477,320;660,611,360;617,322,385;214,47,410;187,392,435;532,183,510;256,481,535;692,544,565;535,329,590;536,198,620;100,459,755;74,75,825;112,561,835;632,466,885;333,670,925;211,465,955;400,684,990;627,272,1050;64,398,1075;466,271,1105;263,393,1150;468,681,1185;686,198,1250;117,386,1290;214,62,1350;102,685,1390;417,536,1440;676,620,1485;692,54,1505;62,672,1575;604,548,1650;397,36,1710;386,603,1735;686,124,1815;201,550,1880;412,127,1895;199,379,1920;335,49,1945;60,125,2090;342,392,2160;193,272,2200;130,522,2215;519,689,2250;240,204,2310;406,408,2335;621,42,2380;42,340,2405;269,387,2460;
551,239,75;128,355,130;40,340,145;339,195,205;341,103,315;278,412,450;479,477,495;592,599,520;463,142,570;211,182,580;56,342,665;263,328,695;184,600,730;320,476,780;621,450,820;660,319,845;600,686,900;695,351,1020;492,265,1060;185,202,1095;201,475,1165;404,678,1200;467,114,1300;403,635,1360;635,534,1385;608,247,1445;211,681,1475;690,71,1515;37,622,1605;621,688,1715;480,386,1765;538,453,1855;379,255,1960;670,309,1995;339,113,2060;179,194,2095;247,691,2130;686,379,2210;269,183,2240;57,74,2285;258,410,2325;412,200,2375;418,134,2385;624,379,2425;450,333,2480;
