0 0
1 0
2 0
3 0
4 0
5 0
6 0
7 0
8 0
9 0
10 0
11 0
12 0
13 0
14 0
15 0
16 0
17 0
18 0
19 0
20 1
21 1
22 1
23 1
24 1
25 1
26 1
27 1
28 1
29 1
30 2
31 2
32 3
33 3
34 3
35 3
36 3
37 3
38 3
39 3
40 3
41 3
42 4
43 4
44 4
45 5
46 5
47 5
48 5
49 5
50 5
51 5
52 5
53 5
54 5
55 5
56 5
57 6
58 6
59 6
60 6
61 6
62 6
63 8
64 8
65 8
66 8
67 8
68 8
69 8
70 8
71 8
72 8
73 8
74 8
75 8
76 10
77 10
78 10
79 10
80 10
81 10
82 10
83 10
84 10
85 11
86 11
87 11
88 13
89 14
90 14
91 15
92 15
93 16
94 16
95 16
96 16
97 16
98 16
99 17
100 17
101 17
102 17
103 17
104 17
105 17
106 17
107 17
108 17
109 17
110 17
111 17
112 18
113 18
114 18
115 18
116 19
117 19
118 19
119 19
120 18
121 18
122 18
123 18
124 18
125 18
126 18
127 18
128 18
129 18
130 17
131 17
132 16
133 16
134 16
135 16
136 16
137 16
138 16
139 16
140 20
141 20
142 19
143 19
144 19
145 18
146 18
147 18
148 18
149 19
150 19
151 19
152 19
153 19
154 19
155 20
156 21
157 20
158 20
159 20
160 20
161 20
162 20
163 18
164 18
165 18
166 18
167 18
168 18
169 18
170 18
171 19
172 20
173 20
174 21
175 22
176 20
177 20
178 20
179 20
180 20
181 20
182 20
183 20
184 20
185 19
186 19
187 19
188 17
189 17
190 17
191 16
192 16
193 15
194 16
195 16
196 16
197 16
198 16
199 15
200 15
201 15
202 16
203 17
204 17
205 17
206 18
207 19
208 19
209 19
210 20
211 20
212 20
213 20
214 20
215 20
216 19
217 19
218 19
219 19
220 19
221 21
222 22
223 22
224 22
225 22
226 23
227 23
228 23
229 23
230 23
231 23
232 23
233 24
234 24
235 24
236 25
237 26
238 26
239 26
240 22
241 22
242 22
243 22
244 23
245 23
246 23
247 24
248 24
249 23
250 23
251 23
252 23
253 23
254 23
255 22
256 21
257 22
258 23
259 23
260 23
261 23
262 23
263 23
264 23
265 24
266 24
267 24
268 24
269 24
270 24
271 23
272 22
273 22
274 21
275 20
276 20
277 20
278 20
279 20
280 20
281 20
282 20
283 20
284 20
285 20
286 21
287 22
288 22
289 21
290 21
291 21
292 21
293 22
294 21
295 21
296 21
297 22
298 23
299 23
300 24
301 24
302 23
303 22
304 23
305 23
306 22
307 21
308 21
309 21
310 20
311 20
312 19
313 20
314 20
315 21
316 21
317 21
318 21
319 21
320 21
321 19
322 18
323 18
324 18
325 18
326 17
327 17
328 18
329 18
330 18
331 19
332 19
333 19
334 19
335 19
336 18
337 18
338 18
339 18
340 18
341 19
342 19
343 19
344 18
345 18
346 19
347 19
348 19
349 19
350 19
351 19
352 20
353 21
354 21
355 21
356 21
357 21
358 20
359 20
360 20
361 21
362 21
363 21
364 21
365 21
366 21
367 21
368 21
369 21
370 21
371 21
372 22
373 22
374 22
375 22
376 22
377 22
378 22
379 22
380 23
381 23
382 24
383 24
384 24
385 24
386 23
387 22
388 22
389 23
390 23
391 23
392 23
393 22
394 22
395 22
396 22
397 21
398 20
399 20
400 19
401 19
402 21
403 21
404 20
405 20
406 20
407 20
408 20
409 20
410 20
411 21
412 22
413 21
414 22
415 21
416 21
417 21
418 21
419 21
420 21
421 21
422 21
423 21
424 22
425 22
426 22
427 22
428 21
429 21
430 21
431 20
432 21
433 21
434 21
435 21
436 21
437 20
438 20
439 20
440 20
441 19
442 19
443 20
444 21
445 21
446 20
447 19
448 19
449 21
450 21
451 21
452 20
453 20
454 20
455 20
456 20
457 19
458 19
459 19
460 20
461 19
462 20
463 20
464 20
465 19
466 19
467 19
468 19
469 19
470 19
471 19
472 18
473 19
474 20
475 20
476 20
477 20
478 20
479 20
480 19
481 19
482 19
483 19
484 19
485 19
486 19
487 19
488 19
489 18
490 18
491 18
492 18
493 19
494 19
495 20
496 20
497 20
498 21
499 21
500 21
501 22
502 20
503 20
504 20
505 21
506 21
507 21
508 21
509 22
510 22
511 21
512 20
513 20
514 19
515 19
516 19
517 19
518 20
519 21
520 21
521 21
522 22
523 22
524 21
525 21
526 21
527 21
528 21
529 21
530 21
531 21
532 20
533 19
534 20
535 20
536 20
537 20
538 20
539 20
540 20
541 20
542 21
543 20
544 19
545 19
546 20
547 20
548 20
549 18
550 18
551 18
552 18
553 17
554 17
555 17
556 17
557 18
558 18
559 18
560 17
561 17
562 17
563 17
564 17
565 17
566 18
567 18
568 19
569 20
570 20
571 20
572 21
573 20
574 20
575 20
576 20
577 20
578 20
579 20
580 20
581 20
582 19
583 19
584 19
585 19
586 19
587 19
588 19
589 20
590 20
591 20
592 21
593 20
594 20
595 19
596 19
597 19
598 18
599 18
600 20
601 20
602 21
603 21
604 21
605 20
606 20
607 20
608 20
609 19
610 19
611 19
612 19
613 19
614 20
615 20
616 20
617 20
618 19
619 18
620 18
621 18
622 17
623 19
624 19
625 19
626 19
627 19
628 19
629 19
630 19
631 19
632 19
633 20
634 19
635 19
636 19
637 19
638 19
639 19
640 20
641 20
642 19
643 19
644 19
645 19
646 18
647 18
648 19
649 19
650 19
651 19
652 19
653 19
654 19
655 19
656 19
657 18
658 18
659 20
660 22
661 22
662 22
663 22
664 22
665 22
666 21
667 21
668 20
669 19
670 19
671 19
672 18
673 18
674 17
675 18
676 18
677 18
678 18
679 18
680 18
681 18
682 18
683 19
684 19
685 19
686 20
687 20
688 20
689 20
690 21
691 21
692 20
693 20
694 21
695 21
696 21
697 21
698 21
699 21
700 20
701 19
702 18
703 18
704 18
705 18
706 18
707 18
708 18
709 19
710 20
711 20
712 21
713 21
714 20
715 21
716 21
717 21
718 21
719 21
720 21
721 21
722 21
723 20
724 20
725 20
726 20
727 20
728 20
729 20
730 21
731 22
732 22
733 21
734 21
735 21
736 21
737 21
738 21
739 21
740 20
741 20
742 20
743 20
744 20
745 20
746 20
747 20
748 19
749 20
750 20
751 20
752 21
753 22
754 22
755 22
756 22
757 22
758 22
759 21
760 20
761 20
762 19
763 19
764 19
765 19
766 19
767 19
768 19
769 19
770 19
771 20
772 20
773 21
774 21
775 20
776 20
777 20
778 21
779 21
780 21
781 21
782 21
783 20
784 20
785 21
786 20
787 20
788 20
789 19
790 18
791 18
792 18
793 18
794 17
795 17
796 17
797 18
798 18
799 18
800 20
801 20
802 20
803 20
804 21
805 21
806 21
807 21
808 21
809 20
810 19
811 19
812 18
813 18
814 18
815 17
816 17
817 17
818 17
819 18
820 18
821 19
822 19
823 18
824 18
825 18
826 19
827 19
828 19
829 19
830 18
831 17
832 17
833 18
834 20
835 21
836 21
837 21
838 23
839 23
840 23
841 23
842 23
843 23
844 23
845 23
846 23
847 23
848 23
849 22
850 22
851 22
852 21
853 21
854 21
855 21
856 21
857 21
858 21
859 20
860 20
861 20
862 20
863 20
864 20
865 20
866 20
867 21
868 21
869 21
870 21
871 20
872 21
873 21
874 21
875 21
876 21
877 21
878 20
879 20
880 21
881 21
882 21
883 22
884 23
885 22
886 22
887 22
888 22
889 22
890 22
891 22
892 22
893 22
894 22
895 22
896 22
897 21
898 21
899 22
900 19
901 19
902 19
903 19
904 18
905 18
906 18
907 18
908 18
909 19
910 19
911 19
912 20
913 20
914 20
915 21
916 21
917 22
918 22
919 21
920 21
921 21
922 22
923 22
924 23
925 23
926 22
927 22
928 22
929 22
930 22
931 23
932 23
933 23
934 21
935 20
936 20
937 20
938 18
939 18
940 18
941 18
942 18
943 18
944 18
945 18
946 18
947 18
948 18
949 18
950 18
951 19
952 20
953 19
954 20
955 20
956 20
957 20
958 21
959 21
960 20
961 20
962 20
963 20
964 20
965 20
966 20
967 19
968 20
969 20
970 21
971 21
972 20
973 19
974 19
975 19
976 19
977 19
978 19
979 19
980 18
981 18
982 18
983 17
984 16
985 16
986 16
987 18
988 18
989 18
990 19
991 19
992 19
993 19
994 19
995 21
996 21
997 21
998 21
999 20
1000 20
1001 20
1002 21
1003 21
1004 21
1005 21
1006 21
1007 22
1008 22
1009 22
1010 22
1011 22
1012 22
1013 22
1014 22
1015 21
1016 21
1017 21
1018 21
1019 21
1020 21
1021 20
1022 20
1023 20
1024 19
1025 19
1026 19
1027 19
1028 19
1029 19
1030 19
1031 18
1032 18
1033 17
1034 17
1035 17
1036 17
1037 17
1038 18
1039 19
1040 20
1041 20
1042 20
1043 20
1044 20
1045 21
1046 21
1047 21
1048 21
1049 21
1050 21
1051 20
1052 19
1053 19
1054 18
1055 19
1056 19
1057 20
1058 19
1059 19
1060 19
1061 20
1062 20
1063 21
1064 21
1065 21
1066 21
1067 21
1068 20
1069 21
1070 20
1071 20
1072 21
1073 21
1074 21
1075 21
1076 21
1077 21
1078 21
1079 21
1080 21
1081 21
1082 21
1083 21
1084 21
1085 22
1086 22
1087 21
1088 21
1089 21
1090 20
1091 21
1092 21
1093 21
1094 21
1095 19
1096 19
1097 20
1098 20
1099 20
1100 20
1101 20
1102 19
1103 19
1104 20
1105 20
1106 20
1107 19
1108 20
1109 20
1110 20
1111 20
1112 19
1113 19
1114 19
1115 19
1116 19
1117 18
1118 18
1119 18
1120 18
1121 18
1122 17
1123 17
1124 18
1125 18
1126 18
1127 19
1128 20
1129 20
1130 20
1131 20
1132 20
1133 21
1134 21
1135 21
1136 21
1137 22
1138 21
1139 20
1140 19
1141 19
1142 19
1143 19
1144 20
1145 19
1146 19
1147 19
1148 19
1149 19
1150 19
1151 19
1152 20
1153 20
1154 21
1155 21
1156 21
1157 20
1158 20
1159 20
1160 20
1161 20
1162 20
1163 19
1164 19
1165 19
1166 19
1167 19
1168 19
1169 18
1170 18
1171 19
1172 18
1173 18
1174 18
1175 19
1176 20
1177 21
1178 21
1179 21
1180 21
1181 21
1182 22
1183 22
1184 22
1185 21
1186 21
1187 20
1188 20
1189 21
1190 22
1191 21
1192 21
1193 21
1194 21
1195 21
1196 21
1197 20
1198 20
1199 21
1200 21
1201 22
1202 22
1203 22
1204 21
1205 21
1206 21
1207 21
1208 20
1209 19
1210 20
1211 20
1212 20
1213 21
1214 21
1215 22
1216 22
1217 23
1218 23
1219 23
1220 23
1221 23
1222 23
1223 24
1224 23
1225 23
1226 23
1227 22
1228 21
1229 21
1230 22
1231 22
1232 22
1233 21
1234 21
1235 21
1236 22
1237 21
1238 21
1239 21
1240 21
1241 21
1242 21
1243 21
1244 21
1245 21
1246 21
1247 21
1248 21
1249 21
1250 21
1251 21
1252 20
1253 21
1254 20
1255 19
1256 19
1257 19
1258 19
1259 19
1260 20
1261 20
1262 20
1263 21
1264 21
1265 21
1266 21
1267 21
1268 22
1269 22
1270 22
1271 21
1272 21
1273 22
1274 22
1275 21
1276 20
1277 19
1278 20
1279 20
1280 20
1281 20
1282 20
1283 20
1284 20
1285 20
1286 20
1287 20
1288 20
1289 19
1290 18
1291 18
1292 18
1293 18
1294 18
1295 18
1296 18
1297 18
1298 18
1299 17
1300 17
1301 17
1302 17
1303 18
1304 18
1305 18
1306 18
1307 18
1308 19
1309 19
1310 20
1311 20
1312 20
1313 19
1314 19
1315 18
1316 18
1317 17
1318 17
1319 17
1320 17
1321 17
1322 18
1323 17
1324 17
1325 17
1326 17
1327 17
1328 17
1329 17
1330 17
1331 17
1332 17
1333 17
1334 18
1335 19
1336 19
1337 19
1338 19
1339 19
1340 19
1341 19
1342 19
1343 19
1344 18
1345 18
1346 19
1347 20
1348 20
1349 20
1350 20
1351 20
1352 20
1353 19
1354 19
1355 19
1356 19
1357 19
1358 20
1359 21
1360 20
1361 19
1362 19
1363 19
1364 19
1365 19
1366 19
1367 19
1368 19
1369 19
1370 19
1371 20
1372 20
1373 19
1374 19
1375 19
1376 19
1377 19
1378 18
1379 18
1380 18
1381 18
1382 18
1383 18
1384 18
1385 20
1386 21
1387 21
1388 21
1389 22
1390 22
1391 22
1392 24
1393 24
1394 24
1395 24
1396 25
1397 25
1398 25
1399 25
1400 25
1401 24
1402 24
1403 23
1404 23
1405 23
1406 23
1407 23
1408 22
1409 22
1410 20
1411 20
1412 20
1413 20
1414 20
1415 20
1416 20
1417 20
1418 20
1419 20
1420 20
1421 20
1422 20
1423 20
1424 20
1425 21
1426 21
1427 22
1428 22
1429 22
1430 22
1431 22
1432 22
1433 22
1434 21
1435 20
1436 20
1437 20
1438 20
1439 20
1440 21
1441 21
1442 21
1443 21
1444 22
1445 22
1446 21
1447 20
1448 20
1449 20
1450 20
1451 20
1452 21
1453 21
1454 21
1455 21
1456 21
1457 21
1458 20
1459 19
1460 20
1461 20
1462 20
1463 19
1464 19
1465 19
1466 19
1467 21
1468 21
1469 21
1470 21
1471 20
1472 20
1473 20
1474 20
1475 20
1476 20
1477 20
1478 20
1479 21
1480 21
1481 21
1482 20
1483 20
1484 21
1485 19
1486 18
1487 18
1488 18
1489 18
1490 18
1491 18
1492 16
1493 16
1494 16
1495 17
1496 16
1497 16
1498 16
1499 16
1500 17
1501 17
1502 17
1503 17
1504 18
1505 18
1506 18
1507 19
1508 19
1509 19
1510 19
1511 19
1512 19
1513 19
1514 20
1515 20
1516 20
1517 20
1518 20
1519 20
1520 20
1521 20
1522 21
1523 21
1524 21
1525 20
1526 20
1527 19
1528 19
1529 19
1530 19
1531 20
1532 20
1533 20
1534 20
1535 20
1536 19
1537 20
1538 20
1539 20
1540 19
1541 19
1542 19
1543 19
1544 18
1545 18
1546 18
1547 18
1548 19
1549 20
1550 20
1551 20
1552 19
1553 19
1554 19
1555 19
1556 20
1557 21
1558 21
1559 21
1560 20
1561 20
1562 22
1563 23
1564 23
1565 23
1566 23
1567 21
1568 20
1569 21
1570 21
1571 21
1572 21
1573 21
1574 21
1575 21
1576 21
1577 21
1578 21
1579 20
1580 20
1581 20
1582 20
1583 21
1584 20
1585 20
1586 20
1587 21
1588 21
1589 20
1590 20
1591 20
1592 20
1593 20
1594 20
1595 19
1596 19
1597 19
1598 19
1599 19
1600 18
1601 18
1602 18
1603 18
1604 17
1605 17
1606 17
1607 17
1608 17
1609 17
1610 18
1611 20
1612 20
1613 21
1614 20
1615 21
1616 21
1617 21
1618 21
1619 21
1620 21
1621 21
1622 19
1623 20
1624 20
1625 20
1626 20
1627 20
1628 21
1629 21
1630 20
1631 19
1632 19
1633 19
1634 19
1635 20
1636 21
1637 20
1638 20
1639 20
1640 21
1641 21
1642 21
1643 23
1644 23
1645 23
1646 23
1647 23
1648 22
1649 21
1650 21
1651 21
1652 21
1653 21
1654 21
1655 22
1656 21
1657 20
1658 20
1659 20
1660 20
1661 21
1662 19
1663 19
1664 19
1665 19
1666 19
1667 19
1668 19
1669 18
1670 18
1671 18
1672 18
1673 18
1674 18
1675 18
1676 19
1677 19
1678 19
1679 19
1680 19
1681 19
1682 19
1683 19
1684 19
1685 19
1686 20
1687 20
1688 21
1689 21
1690 21
1691 22
1692 22
1693 22
1694 22
1695 22
1696 22
1697 22
1698 22
1699 22
1700 22
1701 22
1702 22
1703 23
1704 23
1705 23
1706 23
1707 22
1708 23
1709 24
1710 23
1711 21
1712 21
1713 20
1714 20
1715 19
1716 19
1717 19
1718 19
1719 19
1720 20
1721 20
1722 20
1723 19
1724 19
1725 19
1726 19
1727 20
1728 19
1729 20
1730 20
1731 20
1732 20
1733 21
1734 21
1735 21
1736 20
1737 21
1738 21
1739 21
1740 21
1741 21
1742 21
1743 19
1744 19
1745 19
1746 19
1747 19
1748 19
1749 19
1750 19
1751 19
1752 19
1753 19
1754 20
1755 20
1756 21
1757 21
1758 21
1759 21
1760 21
1761 20
1762 20
1763 19
1764 20
1765 20
1766 21
1767 21
1768 21
1769 21
1770 21
1771 21
1772 21
1773 21
1774 21
1775 21
1776 20
1777 20
1778 20
1779 21
1780 21
1781 21
1782 21
1783 21
1784 22
1785 22
1786 21
1787 20
1788 19
1789 19
1790 20
1791 19
1792 19
1793 19
1794 19
1795 19
1796 19
1797 19
1798 19
1799 19
1800 19
1801 20
1802 20
1803 20
1804 21
1805 22
1806 22
1807 22
1808 21
1809 21
1810 21
1811 21
1812 21
1813 21
1814 21
1815 21
1816 22
1817 22
1818 22
1819 22
1820 21
1821 21
1822 22
1823 22
1824 22
1825 22
1826 22
1827 21
1828 21
1829 21
1830 21
1831 21
1832 21
1833 20
1834 22
1835 22
1836 22
1837 21
1838 21
1839 21
1840 20
1841 20
1842 20
1843 21
1844 21
1845 22
1846 22
1847 22
1848 22
1849 22
1850 22
1851 22
1852 22
1853 23
1854 22
1855 21
1856 20
1857 20
1858 20
1859 20
1860 20
1861 20
1862 20
1863 20
1864 19
1865 19
1866 19
1867 19
1868 19
1869 19
1870 19
1871 19
1872 20
1873 20
1874 20
1875 20
1876 20
1877 20
1878 20
1879 19
1880 19
1881 19
1882 20
1883 20
1884 19
1885 20
1886 21
1887 21
1888 21
1889 21
1890 20
1891 20
1892 20
1893 21
1894 22
1895 22
1896 22
1897 22
1898 22
1899 22
1900 22
1901 21
1902 21
1903 20
1904 19
1905 18
1906 18
1907 18
1908 18
1909 17
1910 17
1911 18
1912 19
1913 19
1914 19
1915 19
1916 18
1917 19
1918 19
1919 19
1920 19
1921 20
1922 19
1923 19
1924 19
1925 19
1926 19
1927 20
1928 21
1929 20
1930 20
1931 20
1932 21
1933 21
1934 19
1935 18
1936 19
1937 20
1938 20
1939 20
1940 20
1941 20
1942 20
1943 19
1944 19
1945 18
1946 18
1947 18
1948 18
1949 18
1950 18
1951 18
1952 18
1953 17
1954 17
1955 17
1956 18
1957 18
1958 18
1959 18
1960 19
1961 19
1962 19
1963 19
1964 19
1965 19
1966 19
1967 20
1968 20
1969 20
1970 20
1971 20
1972 20
1973 20
1974 20
1975 20
1976 22
1977 22
1978 23
1979 23
1980 23
1981 23
1982 23
1983 22
1984 22
1985 21
1986 20
1987 21
1988 21
1989 21
1990 21
1991 21
1992 21
1993 20
1994 19
1995 19
1996 19
1997 19
1998 19
1999 19
2000 19
2001 19
2002 19
2003 19
2004 19
2005 19
2006 19
2007 19
2008 19
2009 19
2010 21
2011 21
2012 20
2013 20
2014 20
2015 20
2016 20
2017 19
2018 19
2019 19
2020 19
2021 18
2022 18
2023 18
2024 18
2025 18
2026 19
2027 18
2028 18
2029 19
2030 19
2031 19
2032 18
2033 18
2034 19
2035 19
2036 19
2037 18
2038 18
2039 18
2040 18
2041 18
2042 18
2043 18
2044 19
2045 19
2046 19
2047 19
2048 21
2049 21
2050 21
2051 22
2052 22
2053 22
2054 22
2055 22
2056 21
2057 21
2058 21
2059 22
2060 21
2061 21
2062 21
2063 21
2064 21
2065 22
2066 21
2067 20
2068 20
2069 20
2070 20
2071 20
2072 19
2073 19
2074 19
2075 20
2076 18
2077 19
2078 19
2079 19
2080 19
2081 19
2082 18
2083 18
2084 18
2085 18
2086 18
2087 19
2088 19
2089 19
2090 19
2091 19
2092 19
2093 19
2094 19
2095 19
2096 19
2097 20
2098 20
2099 20
2100 21
2101 21
2102 21
2103 21
2104 23
2105 23
2106 23
2107 23
2108 23
2109 23
2110 22
2111 21
2112 22
2113 22
2114 22
2115 23
2116 23
2117 23
2118 23
2119 23
2120 23
2121 23
2122 23
2123 23
2124 23
2125 23
2126 22
2127 22
2128 21
2129 20
2130 20
2131 20
2132 20
2133 20
2134 19
2135 19
2136 18
2137 18
2138 19
2139 20
2140 20
2141 20
2142 20
2143 20
2144 19
2145 19
2146 20
2147 20
2148 18
2149 18
2150 18
2151 18
2152 18
2153 18
2154 18
2155 18
2156 18
2157 18
2158 18
2159 17
2160 17
2161 17
2162 17
2163 17
2164 17
2165 17
2166 17
2167 17
2168 17
2169 18
2170 18
2171 18
2172 18
2173 19
2174 19
2175 18
2176 18
2177 17
2178 16
2179 17
2180 17
2181 17
2182 17
2183 17
2184 17
2185 17
2186 18
2187 18
2188 19
2189 19
2190 20
2191 20
2192 21
2193 21
2194 21
2195 21
2196 21
2197 20
2198 20
2199 20
2200 20
2201 20
2202 21
2203 21
2204 19
2205 19
2206 19
2207 19
2208 19
2209 19
2210 19
2211 19
2212 19
2213 19
2214 19
2215 18
2216 18
2217 18
2218 18
2219 18
2220 18
2221 19
2222 19
2223 20
2224 20
2225 20
2226 20
2227 20
2228 20
2229 20
2230 20
2231 21
2232 21
2233 21
2234 21
2235 22
2236 22
2237 22
2238 21
2239 20
2240 20
2241 20
2242 20
2243 20
2244 20
2245 20
2246 20
2247 20
2248 20
2249 21
2250 21
2251 20
2252 20
2253 21
2254 22
2255 22
2256 22
2257 22
2258 22
2259 22
2260 22
2261 22
2262 23
2263 23
2264 24
2265 23
2266 23
2267 23
2268 24
2269 24
2270 24
2271 24
2272 24
2273 23
2274 23
2275 23
2276 24
2277 25
2278 25
2279 24
2280 24
2281 24
2282 24
2283 24
2284 25
2285 25
2286 24
2287 22
2288 21
2289 21
2290 20
2291 20
2292 20
2293 20
2294 20
2295 20
2296 20
2297 20
2298 20
2299 20
2300 19
2301 19
2302 18
2303 18
2304 19
2305 19
2306 19
2307 19
2308 19
2309 19
2310 18
2311 18
2312 17
2313 17
2314 18
2315 19
2316 20
2317 21
2318 21
2319 21
2320 21
2321 20
2322 20
2323 19
2324 20
2325 20
2326 20
2327 20
2328 21
2329 21
2330 21
2331 20
2332 20
2333 21
2334 21
2335 20
2336 20
2337 20
2338 20
2339 20
2340 20
2341 20
2342 20
2343 20
2344 20
2345 20
2346 19
2347 19
2348 19
2349 20
2350 22
2351 22
2352 23
2353 22
2354 21
2355 21
2356 21
2357 22
2358 22
2359 22
2360 22
2361 22
2362 21
2363 21
2364 20
2365 20
2366 21
2367 21
2368 20
2369 19
2370 19
2371 19
2372 19
2373 19
2374 19
2375 19
2376 18
2377 17
2378 18
2379 18
2380 18
2381 18
2382 19
2383 19
2384 18
2385 20
2386 20
2387 20
2388 21
2389 21
2390 21
2391 21
2392 21
2393 21
2394 21
2395 21
2396 21
2397 21
2398 21
2399 21
2400 21
2401 21
2402 21
2403 21
2404 20
2405 20
2406 20
2407 20
2408 20
2409 20
2410 20
2411 20
2412 20
2413 21
2414 20
2415 19
2416 18
2417 17
2418 17
2419 17
2420 17
2421 19
2422 19
2423 19
2424 18
2425 18
2426 18
2427 19
2428 18
2429 18
2430 18
2431 18
2432 18
2433 17
2434 17
2435 17
2436 17
2437 17
2438 17
2439 17
2440 17
2441 17
2442 18
2443 20
2444 20
2445 21
2446 21
2447 23
2448 23
2449 21
2450 19
2451 19
2452 19
2453 19
2454 19
2455 19
2456 19
2457 18
2458 18
2459 18
2460 18
2461 19
2462 19
2463 19
2464 19
2465 19
2466 20
2467 20
2468 20
2469 20
2470 20
2471 20
2472 20
2473 20
2474 20
2475 20
2476 20
2477 20
2478 20
2479 20
2480 20
2481 20
2482 19
2483 19
2484 19
2485 18
2486 19
2487 20
2488 19
2489 19
2490 20
2491 20
2492 19
2493 19
2494 19
2495 19
2496 19
2497 20
2498 20
2499 20
2500 20
2501 20
2502 20
2503 21
2504 21
2505 22
2506 22
2507 22
2508 22
2509 23
2510 23
2511 23
2512 23
2513 22
2514 22
2515 22
2516 22
2517 22
2518 22
2519 22
2520 22
2521 20
2522 20
2523 20
2524 20
2525 20
2526 20
2527 19
2528 19
2529 19
2530 19
2531 19
2532 19
2533 19
2534 19
2535 19
2536 19
2537 19
2538 19
2539 19
2540 19
2541 19
2542 18
2543 16
2544 16
2545 15
2546 15
2547 13
2548 13
2549 13
2550 13
2551 13
2552 12
2553 12
2554 12
2555 12
2556 12
2557 12
2558 12
2559 12
2560 12
2561 11
2562 11
2563 11
2564 11
2565 11
2566 9
2567 9
2568 9
2569 9
2570 9
2571 9
2572 9
2573 9
2574 9
2575 9
2576 9
2577 9
2578 8
2579 8
2580 8
2581 8
2582 8
2583 8
2584 8
2585 7
2586 6
2587 5
2588 5
2589 5
2590 4
2591 4
2592 4
2593 4
2594 4
2595 4
2596 4
2597 3
2598 3
2599 3
2600 3
2601 3
2602 3
2603 2
2604 2
2605 1
2606 1
2607 1
2608 1
2609 0
2610 0
2611 0
2612 0
2613 0
2614 0
2615 0
2616 0
2617 0
2618 0
2619 0
2620 0
2621 0
2622 0
2623 0
2624 0
2625 0
2626 0
2627 0
2628 0
2629 0
2630 0
2631 0
2632 0
2633 0
2634 0
2635 0
2636 0
2637 0
2638 0
2639 0
2640 0
2641 0
2642 0
2643 0
2644 0
2645 0
2646 0
2647 0
2648 0
2649 0
2650 0
2651 0
2652 0
2653 0
2654 0
2655 0
2656 0
2657 0
2658 0
2659 0
2660 0
2661 0
2662 0
2663 0
2664 0
2665 0
2666 0
2667 0
2668 0
2669 0
2670 0
2671 0
2672 0
2673 0
2674 0
2675 0
2676 0
2677 0
2678 0
2679 0
2680 0
2681 0
2682 0
2683 0
2684 0
2685 0
2686 0
2687 0
2688 0
2689 0
2690 0
2691 0
2692 0
2693 0
2694 0
2695 0
2696 0
2697 0
2698 0
2699 0
2700 0
2701 0
2702 0
2703 0
2704 0
2705 0
2706 0
2707 0
2708 0
2709 0
2710 0
2711 0
2712 0
2713 0
2714 0
2715 0
2716 0
2717 0
2718 0
2719 0
2720 0
2721 0
2722 0
2723 0
2724 0
2725 0
2726 0
2727 0
2728 0
2729 0
2730 0
2731 0
2732 0
2733 0
2734 0
2735 0
2736 0
2737 0
2738 0
2739 0
2740 0
2741 0
2742 0
2743 0
2744 0
2745 0
2746 0
2747 0
2748 0
2749 0
2750 0
2751 0
2752 0
2753 0
2754 0
2755 0
2756 0
2757 0
2758 0
2759 0
2760 0
2761 0
2762 0
2763 0
2764 0
2765 0
2766 0
2767 0
2768 0
2769 0
2770 0
2771 0
2772 0
2773 0
2774 0
2775 0
2776 0
2777 0
2778 0
2779 0
2780 0
2781 0
2782 0
2783 0
2784 0
2785 0
2786 0
2787 0
2788 0
2789 0
2790 0
2791 0
2792 0
2793 0
2794 0
2795 0
2796 0
2797 0
2798 0
2799 0
2800 0
2801 0
2802 0
2803 0
2804 0
2805 0
2806 0
2807 0
2808 0
2809 0
2810 0
2811 0
2812 0
2813 0
2814 0
2815 0
2816 0
2817 0
2818 0
2819 0
2820 0
2821 0
2822 0
2823 0
2824 0
2825 0
2826 0
2827 0
2828 0
2829 0
2830 0
2831 0
2832 0
2833 0
2834 0
2835 0
2836 0
2837 0
2838 0
2839 0
2840 0
2841 0
2842 0
2843 0
2844 0
2845 0
2846 0
2847 0
2848 0
2849 0
2850 0
2851 0
2852 0
2853 0
2854 0
2855 0
2856 0
2857 0
2858 0
2859 0
2860 0
2861 0
2862 0
2863 0
2864 0
2865 0
2866 0
2867 0
2868 0
2869 0
2870 0
2871 0
2872 0
2873 0
2874 0
2875 0
2876 0
2877 0
2878 0
2879 0
2880 0
2881 0
2882 0
2883 0
2884 0
2885 0
2886 0
2887 0
2888 0
2889 0
2890 0
2891 0
2892 0
2893 0
2894 0
2895 0
2896 0
2897 0
2898 0
2899 0
2900 0
2901 0
2902 0
2903 0
2904 0
2905 0
2906 0
2907 0
2908 0
2909 0
2910 0
2911 0
2912 0
2913 0
2914 0
2915 0
2916 0
2917 0
2918 0
2919 0
2920 0
2921 0
2922 0
2923 0
2924 0
2925 0
2926 0
2927 0
2928 0
2929 0
2930 0
2931 0
2932 0
2933 0
2934 0
2935 0
2936 0
2937 0
2938 0
2939 0
2940 0
2941 0
2942 0
2943 0
2944 0
2945 0
2946 0
2947 0
2948 0
2949 0
2950 0
2951 0
2952 0
2953 0
2954 0
2955 0
2956 0
2957 0
2958 0
2959 0
2960 0
2961 0
2962 0
2963 0
2964 0
2965 0
2966 0
2967 0
2968 0
2969 0
2970 0
2971 0
2972 0
2973 0
2974 0
2975 0
2976 0
2977 0
2978 0
2979 0
2980 0
2981 0
2982 0
2983 0
2984 0
2985 0
2986 0
2987 0
2988 0
2989 0
2990 0
2991 0
2992 0
2993 0
2994 0
2995 0
2996 0
2997 0
2998 0
2999 0
