0 0
1 0
2 1
3 2
4 2
5 3
6 4
7 5
8 6
9 9
10 9
11 10
12 12
13 14
14 14
15 14
16 15
17 17
18 18
19 20
20 23
21 25
22 26
23 27
24 27
25 28
26 30
27 30
28 30
29 32
30 33
31 33
32 34
33 37
34 37
35 38
36 39
37 40
38 40
39 42
40 43
41 44
42 45
43 47
44 47
45 47
46 48
47 48
48 49
49 50
50 50
51 52
52 53
53 54
54 54
55 54
56 54
57 55
58 56
59 58
60 58
61 60
62 61
63 62
64 64
65 66
66 66
67 66
68 66
69 67
70 67
71 69
72 70
73 70
74 72
75 72
76 74
77 76
78 77
79 77
80 77
81 77
82 78
83 79
84 79
85 81
86 81
87 82
88 82
89 83
90 84
91 86
92 87
93 87
94 87
95 87
96 89
97 90
98 90
99 91
100 93
101 94
102 93
103 93
104 94
105 93
106 92
107 93
108 92
109 89
110 92
111 92
112 91
113 89
114 90
115 90
116 90
117 88
118 87
119 87
120 84
121 85
122 84
123 83
124 83
125 82
126 81
127 81
128 84
129 82
130 81
131 82
132 81
133 78
134 79
135 79
136 78
137 78
138 80
139 80
140 79
141 78
142 78
143 76
144 77
145 78
146 77
147 77
148 77
149 77
150 79
151 77
152 76
153 75
154 76
155 77
156 79
157 78
158 77
159 75
160 78
161 77
162 76
163 75
164 74
165 72
166 73
167 74
168 75
169 74
170 74
171 72
172 71
173 72
174 70
175 70
176 69
177 68
178 67
179 69
180 71
181 71
182 71
183 71
184 71
185 71
186 71
187 70
188 70
189 69
190 68
191 66
192 65
193 67
194 69
195 70
196 69
197 68
198 68
199 67
200 66
201 67
202 68
203 67
204 66
205 66
206 66
207 64
208 65
209 65
210 63
211 62
212 61
213 61
214 60
215 62
216 62
217 62
218 65
219 64
220 65
221 62
222 62
223 62
224 63
225 63
226 63
227 63
228 60
229 60
230 60
231 61
232 62
233 63
234 64
235 63
236 64
237 63
238 61
239 59
240 60
241 60
242 60
243 60
244 60
245 59
246 60
247 60
248 59
249 59
250 57
251 57
252 61
253 61
254 60
255 59
256 59
257 59
258 59
259 61
260 58
261 57
262 57
263 57
264 58
265 58
266 57
267 56
268 57
269 57
270 59
271 59
272 59
273 58
274 58
275 59
276 60
277 59
278 60
279 58
280 58
281 59
282 58
283 57
284 57
285 55
286 56
287 57
288 58
289 58
290 58
291 58
292 58
293 56
294 54
295 55
296 55
297 55
298 56
299 56
300 57
301 55
302 55
303 55
304 55
305 57
306 57
307 58
308 57
309 57
310 56
311 56
312 56
313 57
314 58
315 57
316 57
317 57
318 54
319 54
320 53
321 54
322 55
323 55
324 54
325 56
326 55
327 56
328 56
329 56
330 56
331 55
332 55
333 55
334 53
335 53
336 54
337 54
338 55
339 55
340 54
341 55
342 54
343 54
344 54
345 54
346 53
347 53
348 54
349 54
350 54
351 54
352 52
353 52
354 53
355 53
356 53
357 53
358 53
359 52
360 52
361 52
362 53
363 53
364 52
365 52
366 52
367 52
368 51
369 51
370 50
371 50
372 50
373 52
374 53
375 52
376 50
377 50
378 52
379 53
380 51
381 50
382 50
383 50
384 50
385 50
386 49
387 48
388 48
389 48
390 48
391 49
392 49
393 49
394 51
395 50
396 50
397 50
398 50
399 51
400 50
401 50
402 49
403 49
404 50
405 48
406 48
407 47
408 47
409 48
410 48
411 48
412 51
413 50
414 50
415 49
416 49
417 49
418 49
419 49
420 50
421 50
422 49
423 49
424 49
425 48
426 48
427 47
428 47
429 47
430 47
431 46
432 45
433 46
434 46
435 48
436 46
437 47
438 46
439 46
440 46
441 46
442 47
443 47
444 46
445 47
446 48
447 48
448 47
449 46
450 46
451 46
452 44
453 44
454 44
455 45
456 44
457 44
458 44
459 44
460 44
461 45
462 45
463 46
464 46
465 47
466 47
467 47
468 46
469 46
470 45
471 46
472 46
473 44
474 44
475 44
476 44
477 45
478 42
479 41
480 42
481 43
482 43
483 43
484 44
485 46
486 46
487 48
488 47
489 47
490 47
491 46
492 46
493 46
494 44
495 44
496 44
497 45
498 44
499 43
500 42
501 42
502 42
503 42
504 41
505 42
506 42
507 42
508 44
509 43
510 43
511 44
512 42
513 42
514 43
515 43
516 42
517 42
518 42
519 41
520 42
521 41
522 42
523 42
524 42
525 41
526 41
527 41
528 42
529 42
530 42
531 42
532 42
533 40
534 41
535 40
536 41
537 41
538 42
539 42
540 42
541 42
542 41
543 41
544 41
545 40
546 39
547 39
548 41
549 41
550 42
551 43
552 43
553 43
554 42
555 41
556 40
557 41
558 43
559 43
560 44
561 43
562 42
563 41
564 40
565 39
566 39
567 39
568 40
569 41
570 41
571 40
572 40
573 40
574 39
575 39
576 39
577 41
578 41
579 41
580 40
581 40
582 40
583 41
584 41
585 40
586 40
587 39
588 39
589 39
590 40
591 41
592 41
593 41
594 41
595 40
596 39
597 38
598 38
599 39
600 39
601 39
602 39
603 40
604 41
605 40
606 40
607 41
608 39
609 39
610 39
611 38
612 37
613 38
614 38
615 38
616 39
617 40
618 40
619 42
620 40
621 40
622 39
623 39
624 39
625 39
626 39
627 40
628 39
629 39
630 40
631 40
632 40
633 40
634 39
635 38
636 37
637 36
638 36
639 36
640 36
641 35
642 36
643 38
644 38
645 40
646 40
647 41
648 39
649 39
650 38
651 38
652 38
653 38
654 38
655 38
656 40
657 39
658 37
659 36
660 36
661 36
662 36
663 36
664 36
665 37
666 37
667 38
668 38
669 38
670 38
671 38
672 38
673 38
674 39
675 39
676 40
677 37
678 38
679 38
680 38
681 38
682 38
683 38
684 37
685 36
686 36
687 36
688 36
689 36
690 35
691 34
692 34
693 36
694 37
695 37
696 38
697 38
698 38
699 38
700 38
701 38
702 39
703 38
704 38
705 38
706 38
707 37
708 37
709 37
710 37
711 37
712 38
713 37
714 36
715 36
716 35
717 34
718 35
719 34
720 34
721 36
722 36
723 37
724 37
725 37
726 37
727 36
728 37
729 38
730 37
731 37
732 37
733 37
734 37
735 38
736 38
737 39
738 38
739 38
740 38
741 38
742 38
743 36
744 36
745 34
746 34
747 33
748 36
749 37
750 37
751 36
752 37
753 38
754 38
755 38
756 36
757 36
758 37
759 37
760 36
761 36
762 36
763 36
764 37
765 36
766 36
767 35
768 34
769 33
770 33
771 33
772 33
773 34
774 33
775 33
776 32
777 33
778 35
779 36
780 36
781 35
782 36
783 36
784 36
785 37
786 37
787 36
788 36
789 36
790 36
791 36
792 36
793 34
794 33
795 33
796 32
797 32
798 32
799 31
800 31
801 31
802 31
803 32
804 32
805 33
806 33
807 33
808 33
809 34
810 34
811 35
812 35
813 36
814 35
815 36
816 36
817 37
818 36
819 35
820 35
821 33
822 33
823 32
824 32
825 32
826 32
827 32
828 31
829 30
830 30
831 30
832 30
833 30
834 30
835 30
836 31
837 30
838 31
839 32
840 33
841 33
842 34
843 34
844 34
845 34
846 35
847 35
848 32
849 32
850 32
851 32
852 31
853 31
854 31
855 31
856 31
857 31
858 30
859 30
860 30
861 30
862 31
863 31
864 30
865 30
866 31
867 31
868 31
869 32
870 32
871 33
872 34
873 33
874 33
875 33
876 33
877 33
878 31
879 30
880 30
881 31
882 30
883 30
884 30
885 29
886 29
887 29
888 29
889 29
890 30
891 30
892 30
893 30
894 30
895 31
896 31
897 31
898 31
899 31
900 31
901 31
902 33
903 32
904 31
905 30
906 30
907 31
908 32
909 31
910 31
911 31
912 30
913 29
914 29
915 28
916 28
917 27
918 27
919 27
920 27
921 28
922 28
923 29
924 29
925 29
926 29
927 30
928 30
929 31
930 31
931 31
932 31
933 32
934 32
935 31
936 31
937 31
938 30
939 29
940 29
941 30
942 29
943 29
944 29
945 29
946 29
947 29
948 29
949 28
950 28
951 28
952 29
953 28
954 28
955 28
956 28
957 28
958 28
959 28
960 28
961 28
962 27
963 27
964 28
965 29
966 28
967 28
968 28
969 27
970 28
971 27
972 27
973 28
974 29
975 29
976 29
977 28
978 27
979 27
980 28
981 27
982 27
983 27
984 28
985 28
986 28
987 28
988 28
989 28
990 27
991 27
992 27
993 27
994 27
995 26
996 26
997 26
998 27
999 27
1000 27
1001 27
1002 24
1003 24
1004 24
1005 24
1006 24
1007 23
1008 22
1009 23
1010 24
1011 23
1012 23
1013 23
1014 23
1015 23
1016 23
1017 24
1018 24
1019 25
1020 27
1021 27
1022 27
1023 26
1024 26
1025 26
1026 26
1027 26
1028 26
1029 25
1030 25
1031 25
1032 25
1033 24
1034 25
1035 25
1036 24
1037 24
1038 24
1039 24
1040 23
1041 22
1042 21
1043 21
1044 21
1045 21
1046 20
1047 20
1048 20
1049 20
1050 20
1051 20
1052 19
1053 19
1054 19
1055 20
1056 20
1057 21
1058 21
1059 21
1060 22
1061 22
1062 22
1063 23
1064 22
1065 21
1066 21
1067 21
1068 23
1069 23
1070 22
1071 22
1072 21
1073 21
1074 20
1075 20
1076 20
1077 20
1078 20
1079 20
1080 19
1081 19
1082 19
1083 18
1084 17
1085 17
1086 17
1087 17
1088 18
1089 19
1090 19
1091 19
1092 19
1093 19
1094 19
1095 19
1096 19
1097 19
1098 18
1099 18
1100 19
1101 19
1102 19
1103 19
1104 19
1105 19
1106 19
1107 19
1108 19
1109 18
1110 17
1111 17
1112 17
1113 17
1114 17
1115 17
1116 17
1117 16
1118 16
1119 15
1120 13
1121 12
1122 12
1123 12
1124 12
1125 13
1126 13
1127 14
1128 14
1129 15
1130 15
1131 15
1132 15
1133 15
1134 14
1135 16
1136 16
1137 16
1138 16
1139 16
1140 16
1141 16
1142 16
1143 16
1144 16
1145 16
1146 16
1147 16
1148 16
1149 16
1150 16
1151 16
1152 16
1153 16
1154 16
1155 15
1156 15
1157 14
1158 14
1159 14
1160 13
1161 13
1162 13
1163 12
1164 12
1165 12
1166 12
1167 12
1168 10
1169 10
1170 10
1171 10
1172 10
1173 9
1174 9
1175 9
1176 9
1177 9
1178 9
1179 9
1180 9
1181 9
1182 9
1183 9
1184 9
1185 9
1186 9
1187 9
1188 8
1189 7
1190 7
1191 7
1192 7
1193 7
1194 7
1195 7
1196 7
1197 7
1198 7
1199 7
1200 6
1201 6
1202 6
1203 6
1204 6
1205 6
1206 6
1207 6
1208 6
1209 6
1210 6
1211 6
1212 6
1213 6
1214 6
1215 6
1216 6
1217 6
1218 6
1219 6
1220 6
1221 6
1222 6
1223 6
1224 6
1225 5
1226 5
1227 3
1228 3
1229 2
1230 2
1231 2
1232 2
1233 2
1234 2
1235 0
1236 0
1237 0
1238 0
1239 0
1240 0
1241 0
1242 0
1243 0
1244 0
1245 0
1246 0
1247 0
1248 0
1249 0
1250 0
1251 0
1252 0
1253 0
1254 0
1255 0
1256 0
1257 0
1258 0
1259 0
1260 0
1261 0
1262 0
1263 0
1264 0
1265 0
1266 0
1267 0
1268 0
1269 0
1270 0
1271 0
1272 0
1273 0
1274 0
1275 0
1276 0
1277 0
1278 0
1279 0
1280 0
1281 0
1282 0
1283 0
1284 0
1285 0
1286 0
1287 0
1288 0
1289 0
1290 0
1291 0
1292 0
1293 0
1294 0
1295 0
1296 0
1297 0
1298 0
1299 0
1300 0
1301 0
1302 0
1303 0
1304 0
1305 0
1306 0
1307 0
1308 0
1309 0
1310 0
1311 0
1312 0
1313 0
1314 0
1315 0
1316 0
1317 0
1318 0
1319 0
1320 0
1321 0
1322 0
1323 0
1324 0
1325 0
1326 0
1327 0
1328 0
1329 0
1330 0
1331 0
1332 0
1333 0
1334 0
1335 0
1336 0
1337 0
1338 0
1339 0
1340 0
1341 0
1342 0
1343 0
1344 0
1345 0
1346 0
1347 0
1348 0
1349 0
1350 0
1351 0
1352 0
1353 0
1354 0
1355 0
1356 0
1357 0
1358 0
1359 0
1360 0
1361 0
1362 0
1363 0
1364 0
1365 0
1366 0
1367 0
1368 0
1369 0
1370 0
1371 0
1372 0
1373 0
1374 0
1375 0
1376 0
1377 0
1378 0
1379 0
1380 0
1381 0
1382 0
1383 0
1384 0
1385 0
1386 0
1387 0
1388 0
1389 0
1390 0
1391 0
1392 0
1393 0
1394 0
1395 0
1396 0
1397 0
1398 0
1399 0
1400 0
1401 0
1402 0
1403 0
1404 0
1405 0
1406 0
1407 0
1408 0
1409 0
1410 0
1411 0
1412 0
1413 0
1414 0
1415 0
1416 0
1417 0
1418 0
1419 0
1420 0
1421 0
1422 0
1423 0
1424 0
1425 0
1426 0
1427 0
1428 0
1429 0
1430 0
1431 0
1432 0
1433 0
1434 0
1435 0
1436 0
1437 0
1438 0
1439 0
1440 0
1441 0
1442 0
1443 0
1444 0
1445 0
1446 0
1447 0
1448 0
1449 0
1450 0
1451 0
1452 0
1453 0
1454 0
1455 0
1456 0
1457 0
1458 0
1459 0
1460 0
1461 0
1462 0
1463 0
1464 0
1465 0
1466 0
1467 0
1468 0
1469 0
1470 0
1471 0
1472 0
1473 0
1474 0
1475 0
1476 0
1477 0
1478 0
1479 0
1480 0
1481 0
1482 0
1483 0
1484 0
1485 0
1486 0
1487 0
1488 0
1489 0
1490 0
1491 0
1492 0
1493 0
1494 0
1495 0
1496 0
1497 0
1498 0
1499 0
1500 0
1501 0
1502 0
1503 0
1504 0
1505 0
1506 0
1507 0
1508 0
1509 0
1510 0
1511 0
1512 0
1513 0
1514 0
1515 0
1516 0
1517 0
1518 0
1519 0
1520 0
1521 0
1522 0
1523 0
1524 0
1525 0
1526 0
1527 0
1528 0
1529 0
1530 0
1531 0
1532 0
1533 0
1534 0
1535 0
1536 0
1537 0
1538 0
1539 0
1540 0
1541 0
1542 0
1543 0
1544 0
1545 0
1546 0
1547 0
1548 0
1549 0
1550 0
1551 0
1552 0
1553 0
1554 0
1555 0
1556 0
1557 0
1558 0
1559 0
1560 0
1561 0
1562 0
1563 0
1564 0
1565 0
1566 0
1567 0
1568 0
1569 0
1570 0
1571 0
1572 0
1573 0
1574 0
1575 0
1576 0
1577 0
1578 0
1579 0
1580 0
1581 0
1582 0
1583 0
1584 0
1585 0
1586 0
1587 0
1588 0
1589 0
1590 0
1591 0
1592 0
1593 0
1594 0
1595 0
1596 0
1597 0
1598 0
1599 0
1600 0
1601 0
1602 0
1603 0
1604 0
1605 0
1606 0
1607 0
1608 0
1609 0
1610 0
1611 0
1612 0
1613 0
1614 0
1615 0
1616 0
1617 0
1618 0
1619 0
1620 0
1621 0
1622 0
1623 0
1624 0
1625 0
1626 0
1627 0
1628 0
1629 0
1630 0
1631 0
1632 0
1633 0
1634 0
1635 0
1636 0
1637 0
1638 0
1639 0
1640 0
1641 0
1642 0
1643 0
1644 0
1645 0
1646 0
1647 0
1648 0
1649 0
1650 0
1651 0
1652 0
1653 0
1654 0
1655 0
1656 0
1657 0
1658 0
1659 0
1660 0
1661 0
1662 0
1663 0
1664 0
1665 0
1666 0
1667 0
1668 0
1669 0
1670 0
1671 0
1672 0
1673 0
1674 0
1675 0
1676 0
1677 0
1678 0
1679 0
1680 0
1681 0
1682 0
1683 0
1684 0
1685 0
1686 0
1687 0
1688 0
1689 0
1690 0
1691 0
1692 0
1693 0
1694 0
1695 0
1696 0
1697 0
1698 0
1699 0
1700 0
1701 0
1702 0
1703 0
1704 0
1705 0
1706 0
1707 0
1708 0
1709 0
1710 0
1711 0
1712 0
1713 0
1714 0
1715 0
1716 0
1717 0
1718 0
1719 0
1720 0
1721 0
1722 0
1723 0
1724 0
1725 0
1726 0
1727 0
1728 0
1729 0
1730 0
1731 0
1732 0
1733 0
1734 0
1735 0
1736 0
1737 0
1738 0
1739 0
1740 0
1741 0
1742 0
1743 0
1744 0
1745 0
1746 0
1747 0
1748 0
1749 0
1750 0
1751 0
1752 0
1753 0
1754 0
1755 0
1756 0
1757 0
1758 0
1759 0
1760 0
1761 0
1762 0
1763 0
1764 0
1765 0
1766 0
1767 0
1768 0
1769 0
1770 0
1771 0
1772 0
1773 0
1774 0
1775 0
1776 0
1777 0
1778 0
1779 0
1780 0
1781 0
1782 0
1783 0
1784 0
1785 0
1786 0
1787 0
1788 0
1789 0
1790 0
1791 0
1792 0
1793 0
1794 0
1795 0
1796 0
1797 0
1798 0
1799 0
1800 0
1801 0
1802 0
1803 0
1804 0
1805 0
1806 0
1807 0
1808 0
1809 0
1810 0
1811 0
1812 0
1813 0
1814 0
1815 0
1816 0
1817 0
1818 0
1819 0
1820 0
1821 0
1822 0
1823 0
1824 0
1825 0
1826 0
1827 0
1828 0
1829 0
1830 0
1831 0
1832 0
1833 0
1834 0
1835 0
1836 0
1837 0
1838 0
1839 0
1840 0
1841 0
1842 0
1843 0
1844 0
1845 0
1846 0
1847 0
1848 0
1849 0
1850 0
1851 0
1852 0
1853 0
1854 0
1855 0
1856 0
1857 0
1858 0
1859 0
1860 0
1861 0
1862 0
1863 0
1864 0
1865 0
1866 0
1867 0
1868 0
1869 0
1870 0
1871 0
1872 0
1873 0
1874 0
1875 0
1876 0
1877 0
1878 0
1879 0
1880 0
1881 0
1882 0
1883 0
1884 0
1885 0
1886 0
1887 0
1888 0
1889 0
1890 0
1891 0
1892 0
1893 0
1894 0
1895 0
1896 0
1897 0
1898 0
1899 0
1900 0
1901 0
1902 0
1903 0
1904 0
1905 0
1906 0
1907 0
1908 0
1909 0
1910 0
1911 0
1912 0
1913 0
1914 0
1915 0
1916 0
1917 0
1918 0
1919 0
1920 0
1921 0
1922 0
1923 0
1924 0
1925 0
1926 0
1927 0
1928 0
1929 0
1930 0
1931 0
1932 0
1933 0
1934 0
1935 0
1936 0
1937 0
1938 0
1939 0
1940 0
1941 0
1942 0
1943 0
1944 0
1945 0
1946 0
1947 0
1948 0
1949 0
1950 0
1951 0
1952 0
1953 0
1954 0
1955 0
1956 0
1957 0
1958 0
1959 0
1960 0
1961 0
1962 0
1963 0
1964 0
1965 0
1966 0
1967 0
1968 0
1969 0
1970 0
1971 0
1972 0
1973 0
1974 0
1975 0
1976 0
1977 0
1978 0
1979 0
1980 0
1981 0
1982 0
1983 0
1984 0
1985 0
1986 0
1987 0
1988 0
1989 0
1990 0
1991 0
1992 0
1993 0
1994 0
1995 0
1996 0
1997 0
1998 0
1999 0
2000 0
2001 0
2002 0
2003 0
2004 0
2005 0
2006 0
2007 0
2008 0
2009 0
2010 0
2011 0
2012 0
2013 0
2014 0
2015 0
2016 0
2017 0
2018 0
2019 0
2020 0
2021 0
2022 0
2023 0
2024 0
2025 0
2026 0
2027 0
2028 0
2029 0
2030 0
2031 0
2032 0
2033 0
2034 0
2035 0
2036 0
2037 0
2038 0
2039 0
2040 0
2041 0
2042 0
2043 0
2044 0
2045 0
2046 0
2047 0
2048 0
2049 0
2050 0
2051 0
2052 0
2053 0
2054 0
2055 0
2056 0
2057 0
2058 0
2059 0
2060 0
2061 0
2062 0
2063 0
2064 0
2065 0
2066 0
2067 0
2068 0
2069 0
2070 0
2071 0
2072 0
2073 0
2074 0
2075 0
2076 0
2077 0
2078 0
2079 0
2080 0
2081 0
2082 0
2083 0
2084 0
2085 0
2086 0
2087 0
2088 0
2089 0
2090 0
2091 0
2092 0
2093 0
2094 0
2095 0
2096 0
2097 0
2098 0
2099 0
2100 0
2101 0
2102 0
2103 0
2104 0
2105 0
2106 0
2107 0
2108 0
2109 0
2110 0
2111 0
2112 0
2113 0
2114 0
2115 0
2116 0
2117 0
2118 0
2119 0
2120 0
2121 0
2122 0
2123 0
2124 0
2125 0
2126 0
2127 0
2128 0
2129 0
2130 0
2131 0
2132 0
2133 0
2134 0
2135 0
2136 0
2137 0
2138 0
2139 0
2140 0
2141 0
2142 0
2143 0
2144 0
2145 0
2146 0
2147 0
2148 0
2149 0
2150 0
2151 0
2152 0
2153 0
2154 0
2155 0
2156 0
2157 0
2158 0
2159 0
2160 0
2161 0
2162 0
2163 0
2164 0
2165 0
2166 0
2167 0
2168 0
2169 0
2170 0
2171 0
2172 0
2173 0
2174 0
2175 0
2176 0
2177 0
2178 0
2179 0
2180 0
2181 0
2182 0
2183 0
2184 0
2185 0
2186 0
2187 0
2188 0
2189 0
2190 0
2191 0
2192 0
2193 0
2194 0
2195 0
2196 0
2197 0
2198 0
2199 0
2200 0
2201 0
2202 0
2203 0
2204 0
2205 0
2206 0
2207 0
2208 0
2209 0
2210 0
2211 0
2212 0
2213 0
2214 0
2215 0
2216 0
2217 0
2218 0
2219 0
2220 0
2221 0
2222 0
2223 0
2224 0
2225 0
2226 0
2227 0
2228 0
2229 0
2230 0
2231 0
2232 0
2233 0
2234 0
2235 0
2236 0
2237 0
2238 0
2239 0
2240 0
2241 0
2242 0
2243 0
2244 0
2245 0
2246 0
2247 0
2248 0
2249 0
2250 0
2251 0
2252 0
2253 0
2254 0
2255 0
2256 0
2257 0
2258 0
2259 0
2260 0
2261 0
2262 0
2263 0
2264 0
2265 0
2266 0
2267 0
2268 0
2269 0
2270 0
2271 0
2272 0
2273 0
2274 0
2275 0
2276 0
2277 0
2278 0
2279 0
2280 0
2281 0
2282 0
2283 0
2284 0
2285 0
2286 0
2287 0
2288 0
2289 0
2290 0
2291 0
2292 0
2293 0
2294 0
2295 0
2296 0
2297 0
2298 0
2299 0
2300 0
2301 0
2302 0
2303 0
2304 0
2305 0
2306 0
2307 0
2308 0
2309 0
2310 0
2311 0
2312 0
2313 0
2314 0
2315 0
2316 0
2317 0
2318 0
2319 0
2320 0
2321 0
2322 0
2323 0
2324 0
2325 0
2326 0
2327 0
2328 0
2329 0
2330 0
2331 0
2332 0
2333 0
2334 0
2335 0
2336 0
2337 0
2338 0
2339 0
2340 0
2341 0
2342 0
2343 0
2344 0
2345 0
2346 0
2347 0
2348 0
2349 0
2350 0
2351 0
2352 0
2353 0
2354 0
2355 0
2356 0
2357 0
2358 0
2359 0
2360 0
2361 0
2362 0
2363 0
2364 0
2365 0
2366 0
2367 0
2368 0
2369 0
2370 0
2371 0
2372 0
2373 0
2374 0
2375 0
2376 0
2377 0
2378 0
2379 0
2380 0
2381 0
2382 0
2383 0
2384 0
2385 0
2386 0
2387 0
2388 0
2389 0
2390 0
2391 0
2392 0
2393 0
2394 0
2395 0
2396 0
2397 0
2398 0
2399 0
2400 0
2401 0
2402 0
2403 0
2404 0
2405 0
2406 0
2407 0
2408 0
2409 0
2410 0
2411 0
2412 0
2413 0
2414 0
2415 0
2416 0
2417 0
2418 0
2419 0
2420 0
2421 0
2422 0
2423 0
2424 0
2425 0
2426 0
2427 0
2428 0
2429 0
2430 0
2431 0
2432 0
2433 0
2434 0
2435 0
2436 0
2437 0
2438 0
2439 0
2440 0
2441 0
2442 0
2443 0
2444 0
2445 0
2446 0
2447 0
2448 0
2449 0
2450 0
2451 0
2452 0
2453 0
2454 0
2455 0
2456 0
2457 0
2458 0
2459 0
2460 0
2461 0
2462 0
2463 0
2464 0
2465 0
2466 0
2467 0
2468 0
2469 0
2470 0
2471 0
2472 0
2473 0
2474 0
2475 0
2476 0
2477 0
2478 0
2479 0
2480 0
2481 0
2482 0
2483 0
2484 0
2485 0
2486 0
2487 0
2488 0
2489 0
2490 0
2491 0
2492 0
2493 0
2494 0
2495 0
2496 0
2497 0
2498 0
2499 0
2500 0
2501 0
2502 0
2503 0
2504 0
2505 0
2506 0
2507 0
2508 0
2509 0
2510 0
2511 0
2512 0
2513 0
2514 0
2515 0
2516 0
2517 0
2518 0
2519 0
2520 0
2521 0
2522 0
2523 0
2524 0
2525 0
2526 0
2527 0
2528 0
2529 0
2530 0
2531 0
2532 0
2533 0
2534 0
2535 0
2536 0
2537 0
2538 0
2539 0
2540 0
2541 0
2542 0
2543 0
2544 0
2545 0
2546 0
2547 0
2548 0
2549 0
2550 0
2551 0
2552 0
2553 0
2554 0
2555 0
2556 0
2557 0
2558 0
2559 0
2560 0
2561 0
2562 0
2563 0
2564 0
2565 0
2566 0
2567 0
2568 0
2569 0
2570 0
2571 0
2572 0
2573 0
2574 0
2575 0
2576 0
2577 0
2578 0
2579 0
2580 0
2581 0
2582 0
2583 0
2584 0
2585 0
2586 0
2587 0
2588 0
2589 0
2590 0
2591 0
2592 0
2593 0
2594 0
2595 0
2596 0
2597 0
2598 0
2599 0
2600 0
2601 0
2602 0
2603 0
2604 0
2605 0
2606 0
2607 0
2608 0
2609 0
2610 0
2611 0
2612 0
2613 0
2614 0
2615 0
2616 0
2617 0
2618 0
2619 0
2620 0
2621 0
2622 0
2623 0
2624 0
2625 0
2626 0
2627 0
2628 0
2629 0
2630 0
2631 0
2632 0
2633 0
2634 0
2635 0
2636 0
2637 0
2638 0
2639 0
2640 0
2641 0
2642 0
2643 0
2644 0
2645 0
2646 0
2647 0
2648 0
2649 0
2650 0
2651 0
2652 0
2653 0
2654 0
2655 0
2656 0
2657 0
2658 0
2659 0
2660 0
2661 0
2662 0
2663 0
2664 0
2665 0
2666 0
2667 0
2668 0
2669 0
2670 0
2671 0
2672 0
2673 0
2674 0
2675 0
2676 0
2677 0
2678 0
2679 0
2680 0
2681 0
2682 0
2683 0
2684 0
2685 0
2686 0
2687 0
2688 0
2689 0
2690 0
2691 0
2692 0
2693 0
2694 0
2695 0
2696 0
2697 0
2698 0
2699 0
2700 0
2701 0
2702 0
2703 0
2704 0
2705 0
2706 0
2707 0
2708 0
2709 0
2710 0
2711 0
2712 0
2713 0
2714 0
2715 0
2716 0
2717 0
2718 0
2719 0
2720 0
2721 0
2722 0
2723 0
2724 0
2725 0
2726 0
2727 0
2728 0
2729 0
2730 0
2731 0
2732 0
2733 0
2734 0
2735 0
2736 0
2737 0
2738 0
2739 0
2740 0
2741 0
2742 0
2743 0
2744 0
2745 0
2746 0
2747 0
2748 0
2749 0
2750 0
2751 0
2752 0
2753 0
2754 0
2755 0
2756 0
2757 0
2758 0
2759 0
2760 0
2761 0
2762 0
2763 0
2764 0
2765 0
2766 0
2767 0
2768 0
2769 0
2770 0
2771 0
2772 0
2773 0
2774 0
2775 0
2776 0
2777 0
2778 0
2779 0
2780 0
2781 0
2782 0
2783 0
2784 0
2785 0
2786 0
2787 0
2788 0
2789 0
2790 0
2791 0
2792 0
2793 0
2794 0
2795 0
2796 0
2797 0
2798 0
2799 0
2800 0
2801 0
2802 0
2803 0
2804 0
2805 0
2806 0
2807 0
2808 0
2809 0
2810 0
2811 0
2812 0
2813 0
2814 0
2815 0
2816 0
2817 0
2818 0
2819 0
2820 0
2821 0
2822 0
2823 0
2824 0
2825 0
2826 0
2827 0
2828 0
2829 0
2830 0
2831 0
2832 0
2833 0
2834 0
2835 0
2836 0
2837 0
2838 0
2839 0
2840 0
2841 0
2842 0
2843 0
2844 0
2845 0
2846 0
2847 0
2848 0
2849 0
2850 0
2851 0
2852 0
2853 0
2854 0
2855 0
2856 0
2857 0
2858 0
2859 0
2860 0
2861 0
2862 0
2863 0
2864 0
2865 0
2866 0
2867 0
2868 0
2869 0
2870 0
2871 0
2872 0
2873 0
2874 0
2875 0
2876 0
2877 0
2878 0
2879 0
2880 0
2881 0
2882 0
2883 0
2884 0
2885 0
2886 0
2887 0
2888 0
2889 0
2890 0
2891 0
2892 0
2893 0
2894 0
2895 0
2896 0
2897 0
2898 0
2899 0
2900 0
2901 0
2902 0
2903 0
2904 0
2905 0
2906 0
2907 0
2908 0
2909 0
2910 0
2911 0
2912 0
2913 0
2914 0
2915 0
2916 0
2917 0
2918 0
2919 0
2920 0
2921 0
2922 0
2923 0
2924 0
2925 0
2926 0
2927 0
2928 0
2929 0
2930 0
2931 0
2932 0
2933 0
2934 0
2935 0
2936 0
2937 0
2938 0
2939 0
2940 0
2941 0
2942 0
2943 0
2944 0
2945 0
2946 0
2947 0
2948 0
2949 0
2950 0
2951 0
2952 0
2953 0
2954 0
2955 0
2956 0
2957 0
2958 0
2959 0
2960 0
2961 0
2962 0
2963 0
2964 0
2965 0
2966 0
2967 0
2968 0
2969 0
2970 0
2971 0
2972 0
2973 0
2974 0
2975 0
2976 0
2977 0
2978 0
2979 0
2980 0
2981 0
2982 0
2983 0
2984 0
2985 0
2986 0
2987 0
2988 0
2989 0
2990 0
2991 0
2992 0
2993 0
2994 0
2995 0
2996 0
2997 0
2998 0
2999 0
