0 1000.45 0.64 
1 0 0 
2 0 0 
3 0 0 
4 0 0 
5 1000.25 0.552 
6 0 0 
7 0 0 
8 0 0 
9 0 0 
10 1000.24 0.557 
11 0 0 
12 0 0 
13 0 0 
14 0 0 
15 1000.29 0.578 
16 0 0 
17 0 0 
18 0 0 
19 0 0 
20 1000.26 0.568 
21 1000.25 0.463 
22 0 0 
23 0 0 
24 0 0 
25 1000.28 0.617 
26 0 0 
27 0 0 
28 0 0 
29 0 0 
30 1000.27 0.583 
31 1000.29 0.553 
32 0 0 
33 0 0 
34 0 0 
35 1000.29 0.614 
36 0 0 
37 0 0 
38 0 0 
39 0 0 
40 1000.29 0.505 
41 0 0 
42 0 0 
43 1000.24 0.556 
44 0 0 
45 1000.3 0.622 
46 0 0 
47 0 0 
48 0 0 
49 0 0 
50 1000.24 0.62 
51 0 0 
52 0 0 
53 0 0 
54 0 0 
55 1000.33 0.612 
56 0 0 
57 0 0 
58 0 0 
59 0 0 
60 1000.25 0.614 
61 0 0 
62 0 0 
63 1000.24 0.519 
64 0 0 
65 1000.26 0.457 
66 0 0 
67 0 0 
68 0 0 
69 0 0 
70 1000.33 0.543 
71 0 0 
72 0 0 
73 0 0 
74 0 0 
75 1000.24 0.524 
76 0 0 
77 1000.31 0.546 
78 0 0 
79 0 0 
80 1000.25 0.692 
81 0 0 
82 0 0 
83 0 0 
84 0 0 
85 1000.25 0.581 
86 1000.22 0.533 
87 0 0 
88 0 0 
89 0 0 
90 1000.21 0.592 
91 0 0 
92 0 0 
93 1000.24 0.615 
94 0 0 
95 1000.25 0.449 
96 1000.25 0.476 
97 0 0 
98 0 0 
99 0 0 
100 1000.25 0.46 
101 0 0 
102 0 0 
103 0 0 
104 0 0 
105 1000.22 0.488 
106 0 0 
107 0 0 
108 1000.29 0.533 
109 0 0 
110 1000.28 0.563 
111 0 0 
112 0 0 
113 0 0 
114 0 0 
115 1000.27 0.604 
116 0 0 
117 0 0 
118 0 0 
119 0 0 
120 1000.33 0.529 
121 0 0 
122 0 0 
123 0 0 
124 0 0 
125 1000.25 0.625 
126 0 0 
127 0 0 
128 0 0 
129 0 0 
130 1000.37 1.005 
131 0 0 
132 0 0 
133 0 0 
134 0 0 
135 1000.25 0.695 
136 0 0 
137 0 0 
138 0 0 
139 0 0 
140 1000.25 0.747 
141 1000.25 0.829 
142 0 0 
143 0 0 
144 1000.25 0.619 
145 1000.25 0.721 
146 0 0 
147 0 0 
148 0 0 
149 0 0 
150 1000.32 0.59 
151 0 0 
152 0 0 
153 1000.31 0.612 
154 0 0 
155 1000.26 0.499 
156 1000.29 0.562 
157 0 0 
158 0 0 
159 0 0 
160 1000.28 0.484 
161 0 0 
162 0 0 
163 0 0 
164 0 0 
165 1000.25 0.497 
166 0 0 
167 0 0 
168 0 0 
169 0 0 
170 1000.27 0.575 
171 0 0 
172 0 0 
173 0 0 
174 0 0 
175 1000.33 0.549 
176 0 0 
177 0 0 
178 0 0 
179 1000.32 0.488 
180 1000.3 0.544 
181 0 0 
182 0 0 
183 1000.24 0.927 
184 1000.24 0.843 
185 1000.24 0.784 
186 0 0 
187 0 0 
188 0 0 
189 0 0 
190 1000.26 1.054 
191 0 0 
192 0 0 
193 0 0 
194 0 0 
195 1000.26 0.602 
196 0 0 
197 0 0 
198 0 0 
199 0 0 
200 1000.26 0.513 
201 0 0 
202 0 0 
203 0 0 
204 1000.24 0.572 
205 1000.29 0.531 
206 0 0 
207 0 0 
208 1000.29 0.608 
209 0 0 
210 1000.3 0.594 
211 0 0 
212 1000.27 0.559 
213 0 0 
214 0 0 
215 1000.25 0.599 
216 0 0 
217 0 0 
218 0 0 
219 0 0 
220 1000.33 0.481 
221 0 0 
222 0 0 
223 1000.25 0.459 
224 0.23 0.419 
225 1000.24 0.581 
226 0 0 
227 0 0 
228 0 0 
229 0 0 
230 1000.23 0.471 
231 0 0 
232 0 0 
233 0 0 
234 0 0 
235 1000.25 0.441 
236 0 0 
237 1000.25 0.479 
238 1000.25 0.458 
239 0 0 
240 1000.25 0.429 
241 1000.27 0.394 
242 0 0 
243 0 0 
244 0 0 
245 1000.23 0.45 
246 0 0 
247 0 0 
248 0 0 
249 0 0 
250 1000.4 0.589 
251 0 0 
252 0 0 
253 0 0 
254 0 0 
255 1000.32 0.566 
256 0 0 
257 0 0 
258 0 0 
259 0 0 
260 1000.26 0.508 
261 0 0 
262 0 0 
263 0 0 
264 0 0 
265 1000.3 0.511 
266 0 0 
267 0 0 
268 0 0 
269 0 0 
270 1000.31 0.532 
271 0 0 
272 0 0 
273 0 0 
274 0 0 
275 1000.32 0.674 
276 0 0 
277 0 0 
278 0 0 
279 0 0 
280 1000.25 0.49 
281 0 0 
282 0 0 
283 0 0 
284 0 0 
285 1000.25 0.701 
286 1000.32 0.66 
287 0 0 
288 0 0 
289 0 0 
290 1000.33 0.632 
291 0 0 
292 0 0 
293 0 0 
294 0 0 
295 1000.34 0.599 
296 0 0 
297 0 0 
298 0 0 
299 0 0 
300 1000.26 0.527 
301 0 0 
302 0 0 
303 0 0 
304 1000.3 0.534 
305 1000.24 0.67 
306 1000.27 0.678 
307 0 0 
308 0 0 
309 0 0 
310 1000.31 0.653 
311 0 0 
312 0 0 
313 0 0 
314 0 0 
315 1000.28 0.613 
316 1000.26 0.572 
317 0 0 
318 0 0 
319 0 0 
320 1000.27 0.568 
321 0 0 
322 0 0 
323 0 0 
324 1000.29 1.405 
325 1000.25 0.624 
326 0 0 
327 0 0 
328 0 0 
329 0 0 
330 1000.25 0.498 
331 0 0 
332 0 0 
333 1000.24 0.477 
334 0 0 
335 1000.25 0.621 
336 1000.25 0.654 
337 0 0 
338 0 0 
339 0 0 
340 1000.26 0.544 
341 0 0 
342 1000.23 0.501 
343 0 0 
344 0 0 
345 1000.21 0.473 
346 0 0 
347 0 0 
348 0 0 
349 0 0 
350 1000.24 0.651 
351 0 0 
352 1000.24 0.636 
353 0.174 0.324 
354 0 0 
355 1000.22 0.731 
356 0 0 
357 0.237 0.451 
358 0 0 
359 0 0 
360 1000.24 0.582 
361 0 0 
362 0 0 
363 1000.23 0.418 
364 0 0 
365 1000.25 0.417 
366 0 0 
367 1000.25 0.692 
368 0 0 
369 0 0 
370 1000.25 0.462 
371 0 0 
372 0 0 
373 0.221 0.453 
374 0 0 
375 1000.24 0.483 
376 0 0 
377 0 0 
378 0 0 
379 0 0 
380 1000.25 0.543 
381 0 0 
382 1000.32 0.565 
383 0 0 
384 0 0 
385 1000.23 0.506 
386 0 0 
387 0 0 
388 0 0 
389 0 0 
390 1000.32 0.539 
391 0 0 
392 0 0 
393 0 0 
394 0 0 
395 1000.29 0.708 
396 0 0 
397 0 0 
398 0 0 
399 0 0 
400 1000.32 0.651 
401 0 0 
402 1000.32 0.53 
403 1000.45 0.553 
404 0 0 
405 1000.28 0.55 
406 0 0 
407 0 0 
408 0 0 
409 0 0 
410 1000.26 0.484 
411 0 0 
412 1000.29 0.459 
413 0 0 
414 1000.25 0.527 
415 1000.27 0.491 
416 0 0 
417 0 0 
418 0 0 
419 0 0 
420 1000.32 0.649 
421 0 0 
422 0 0 
423 0 0 
424 0 0 
425 1000.27 0.668 
426 0 0 
427 0 0 
428 0 0 
429 0 0 
430 1000.29 0.854 
431 0 0 
432 0 0 
433 0 0 
434 1000.23 0.591 
435 1000.21 0.5 
436 0 0 
437 0 0 
438 0 0 
439 0 0 
440 1000.24 0.52 
441 0 0 
442 0 0 
443 0 0 
444 0 0 
445 1000.25 0.481 
446 1000.28 0.476 
447 0 0 
448 0 0 
449 1000.25 0.476 
450 1000.24 0.593 
451 0 0 
452 0 0 
453 0 0 
454 1000.24 0.503 
455 1000.25 0.493 
456 0 0 
457 0 0 
458 0 0 
459 0 0 
460 1000.24 0.517 
461 1000.24 0.562 
462 0 0 
463 0 0 
464 0 0 
465 1000.25 0.472 
466 0 0 
467 0 0 
468 1000.24 0.51 
469 0 0 
470 1000.45 0.512 
471 0 0 
472 0 0 
473 1000.26 0.51 
474 0 0 
475 1000.26 0.563 
476 0 0 
477 0 0 
478 0 0 
479 0 0 
480 1000.23 0.66 
481 0 0 
482 0 0 
483 1000.23 0.587 
484 0 0 
485 1000.23 0.606 
486 0 0 
487 0 0 
488 0 0 
489 0.157 0.346 
490 1000.23 0.444 
491 0 0 
492 0 0 
493 0 0 
494 0 0 
495 1000.24 0.568 
496 0 0 
497 0 0 
498 0 0 
499 0.222 0.511 
500 1000.24 0.522 
501 1000.25 0.57 
502 0 0 
503 0 0 
504 0 0 
505 1000.25 0.514 
506 0 0 
507 0 0 
508 0 0 
509 0 0 
510 1000.24 0.516 
511 0 0 
512 0 0 
513 0 0 
514 0 0 
515 1000.27 0.622 
516 0 0 
517 0 0 
518 0 0 
519 1000.29 0.574 
520 1000.28 0.535 
521 0 0 
522 0 0 
523 0 0 
524 1000.32 0.536 
525 1000.27 0.454 
526 0 0 
527 0 0 
528 0 0 
529 0 0 
530 1000.25 0.601 
531 0 0 
532 0 0 
533 0 0 
534 0 0 
535 1000.25 0.638 
536 0 0 
537 0 0 
538 0 0 
539 0 0 
540 1000.31 0.521 
541 0 0 
542 1000.27 0.502 
543 0 0 
544 0 0 
545 1000.27 0.581 
546 0 0 
547 0 0 
548 0 0 
549 0 0 
550 1000.26 0.56 
551 0 0 
552 0 0 
553 0 0 
554 0 0 
555 1000.23 0.485 
556 0 0 
557 0 0 
558 0 0 
559 0.144 0.292 
560 1000.24 0.535 
561 0 0 
562 0 0 
563 1000.24 0.578 
564 0 0 
565 1000.23 0.609 
566 0 0 
567 0 0 
568 0 0 
569 1000.26 0.734 
570 1000.41 0.771 
571 0 0 
572 0 0 
573 0 0 
574 1000.24 0.674 
575 1000.25 0.476 
576 0 0 
577 0 0 
578 0 0 
579 0 0 
580 1000.22 0.462 
581 0 0 
582 0 0 
583 0 0 
584 0 0 
585 1000.22 0.576 
586 0 0 
587 0 0 
588 0 0 
589 0 0 
590 1000.22 0.544 
591 0 0 
592 0 0 
593 0 0 
594 0 0 
595 1000.23 0.473 
596 0 0 
597 0 0 
598 0 0 
599 0 0 
600 1000.28 0.499 
601 1000.22 0.422 
602 1000.22 0.41 
603 0 0 
604 1000.25 0.459 
605 1000.26 0.418 
606 0 0 
607 0 0 
608 0 0 
609 0 0 
610 1000.3 0.464 
611 0 0 
612 0 0 
613 0 0 
614 0 0 
615 1000.25 0.532 
616 0 0 
617 0 0 
618 0 0 
619 0 0 
620 1000.24 0.617 
621 0 0 
622 0 0 
623 1000.24 0.513 
624 0 0 
625 1000.27 0.599 
626 0 0 
627 0 0 
628 0 0 
629 0 0 
630 1000.26 0.67 
631 0 0 
632 0 0 
633 0 0 
634 1000.25 0.545 
635 1000.23 0.625 
636 0 0 
637 1000.27 0.556 
638 0 0 
639 0 0 
640 1000.25 0.544 
641 0 0 
642 0 0 
643 0 0 
644 0 0 
645 1000.24 0.606 
646 0 0 
647 1000.25 0.594 
648 0 0 
649 0 0 
650 1000.25 0.718 
651 0 0 
652 0 0 
653 0 0 
654 0 0 
655 1000.25 0.681 
656 0 0 
657 0 0 
658 0 0 
659 1000.25 0.623 
660 1000.24 0.654 
661 0 0 
662 1000.21 0.659 
663 0 0 
664 0 0 
665 1000.2 0.62 
666 0 0 
667 1000.25 0.583 
668 0 0 
669 0 0 
670 1000.21 0.476 
671 0 0 
672 0 0 
673 0 0 
674 0 0 
675 1000.25 0.523 
676 0 0 
677 1000.22 0.662 
678 0 0 
679 0 0 
680 1000.29 0.612 
681 0 0 
682 0 0 
683 1000.23 0.509 
684 0 0 
685 1000.21 0.464 
686 0 0 
687 1000.25 0.749 
688 0 0 
689 1000.28 0.499 
690 1000.24 0.5 
691 0 0 
692 0 0 
693 0 0 
694 1000.22 0.479 
695 1000.23 0.521 
696 0 0 
697 0 0 
698 0 0 
699 0 0 
700 1000.22 0.457 
701 0 0 
702 0 0 
703 0 0 
704 0 0 
705 1000.22 0.523 
706 0 0 
707 0 0 
708 0 0 
709 0 0 
710 1000.24 0.701 
711 1000.4 0.741 
712 0 0 
713 0 0 
714 0 0 
715 1000.24 0.581 
716 0 0 
717 1000.21 0.43 
718 0 0 
719 0 0 
720 1000.27 0.509 
721 0 0 
722 0 0 
723 0 0 
724 1000.25 0.47 
725 1000.21 0.58 
726 0 0 
727 0 0 
728 0 0 
729 0 0 
730 1000.26 0.72 
731 0 0 
732 1000.26 0.646 
733 0 0 
734 0 0 
735 1000.3 0.55 
736 0 0 
737 0 0 
738 0 0 
739 0 0 
740 1000.26 0.582 
741 0 0 
742 0 0 
743 0 0 
744 1000.33 0.607 
745 1000.27 0.619 
746 0 0 
747 0 0 
748 0 0 
749 0 0 
750 1000.26 0.714 
751 0 0 
752 0 0 
753 1000.33 0.86 
754 0 0 
755 1000.27 0.672 
756 0 0 
757 0 0 
758 0 0 
759 1000.23 0.569 
760 1000.26 0.517 
761 0 0 
762 1000.2 0.614 
763 0 0 
764 0 0 
765 1000.4 0.803 
766 0 0 
767 0 0 
768 0 0 
769 0 0 
770 1000.25 0.705 
771 1000.25 0.512 
772 0 0 
773 0 0 
774 0 0 
775 1000.25 0.546 
776 0 0 
777 0 0 
778 0 0 
779 1000.3 0.546 
780 1000.3 0.603 
781 0 0 
782 0 0 
783 0 0 
784 0 0 
785 1000.28 0.732 
786 0 0 
787 0 0 
788 0 0 
789 0 0 
790 1000.25 0.666 
791 0 0 
792 0 0 
793 0 0 
794 0 0 
795 1000.28 0.724 
796 0 0 
797 0 0 
798 1000.22 0.549 
799 0 0 
800 1000.29 0.523 
801 1000.25 0.555 
802 1000.24 0.474 
803 0 0 
804 0 0 
805 1000.26 0.614 
806 0 0 
807 0 0 
808 0 0 
809 1000.25 0.575 
810 1000.26 0.564 
811 0 0 
812 0 0 
813 0 0 
814 0 0 
815 1000.23 0.446 
816 1000.21 0.532 
817 0 0 
818 0 0 
819 0 0 
820 1000.26 0.701 
821 0 0 
822 0 0 
823 1000.22 0.55 
824 0 0 
825 1000.24 0.53 
826 0 0 
827 0 0 
828 0 0 
829 0 0 
830 1000.24 0.453 
831 0 0 
832 0 0 
833 1000.32 0.559 
834 0 0 
835 1000.3 0.52 
836 0 0 
837 0 0 
838 1000.25 0.47 
839 0 0 
840 1000.26 0.441 
841 0 0 
842 0 0 
843 0 0 
844 0 0 
845 1000.27 0.562 
846 0 0 
847 0 0 
848 0 0 
849 0 0 
850 1000.26 0.546 
851 0 0 
852 0 0 
853 0 0 
854 0.226 0.473 
855 1000.27 0.432 
856 0 0 
857 0 0 
858 0 0 
859 0 0 
860 1000.36 0.598 
861 0 0 
862 0 0 
863 0 0 
864 0 0 
865 1000.31 0.708 
866 0 0 
867 0 0 
868 1000.27 0.634 
869 0 0 
870 1000.25 0.475 
871 0 0 
872 0 0 
873 1000.26 0.49 
874 1000.23 0.413 
875 1000.24 0.453 
876 0 0 
877 0 0 
878 0 0 
879 0 0 
880 1000.22 0.457 
881 0 0 
882 0 0 
883 0 0 
884 0 0 
885 1000.25 0.476 
886 1000.26 0.437 
887 0 0 
888 0 0 
889 0 0 
890 1000.23 0.461 
891 0 0 
892 0 0 
893 0 0 
894 0 0 
895 1000.23 0.427 
896 0 0 
897 0 0 
898 0 0 
899 0 0 
900 1000.24 0.501 
901 0 0 
902 0 0 
903 0 0 
904 0 0 
905 1000.24 0.529 
906 0 0 
907 0 0 
908 0 0 
909 1000.25 0.537 
910 1000.26 0.517 
911 0 0 
912 0 0 
913 1000.2 0.687 
914 0 0 
915 1000.23 0.729 
916 0 0 
917 1000.25 0.952 
918 1000.22 0.859 
919 0 0 
920 1000.21 0.592 
921 0 0 
922 0 0 
923 1000.2 0.534 
924 0 0 
925 1000.27 0.521 
926 0 0 
927 0 0 
928 0 0 
929 1000.23 0.471 
930 1000.21 0.48 
931 0 0 
932 1000.2 0.469 
933 1000.21 0.392 
934 0 0 
935 1000.24 0.696 
936 0 0 
937 0 0 
938 0 0 
939 0 0 
940 1000.28 0.873 
941 0 0 
942 0 0 
943 0 0 
944 0 0 
945 1000.29 0.678 
946 0 0 
947 0 0 
948 0 0 
949 0 0 
950 1000.28 0.683 
951 0 0 
952 0 0 
953 0 0 
954 0 0 
955 1000.28 0.628 
956 0 0 
957 1000.43 0.654 
958 0 0 
959 0 0 
960 1000.25 0.496 
961 0 0 
962 0 0 
963 0 0 
964 0 0 
965 1000.25 0.433 
966 0 0 
967 0 0 
968 0 0 
969 1000.26 0.542 
970 1000.29 0.511 
971 0 0 
972 1000.3 0.57 
973 0 0 
974 0 0 
975 1000.27 0.576 
976 0 0 
977 0 0 
978 0 0 
979 0 0 
980 1000.24 0.782 
981 0 0 
982 0 0 
983 0 0 
984 0 0 
985 1000.25 0.643 
986 0 0 
987 0 0 
988 1000.25 0.731 
989 0 0 
990 1000.25 0.721 
991 1000.27 0.727 
992 0 0 
993 0 0 
994 0 0 
995 1000.22 0.551 
996 1000.2 0.481 
997 0 0 
998 0 0 
999 0 0 
1000 1000.24 0.578 
1001 0 0 
1002 0 0 
1003 1000.21 0.547 
1004 0 0 
1005 1000.22 0.606 
1006 0 0 
1007 0 0 
1008 0 0 
1009 0 0 
1010 1000.21 1.002 
1011 1000.23 0.589 
1012 0 0 
1013 0 0 
1014 0 0 
1015 1000.23 0.513 
1016 1000.26 0.904 
1017 0 0 
1018 1000.24 0.654 
1019 0 0 
1020 1000.21 0.806 
1021 0 0 
1022 0 0 
1023 0 0 
1024 1000.21 0.625 
1025 1000.22 0.64 
1026 0 0 
1027 0 0 
1028 0 0 
1029 0 0 
1030 1000.23 0.518 
1031 0 0 
1032 0 0 
1033 0 0 
1034 0 0 
1035 1000.21 0.459 
1036 0 0 
1037 0 0 
1038 0 0 
1039 1000.23 0.486 
1040 1000.3 0.495 
1041 0 0 
1042 0 0 
1043 0 0 
1044 0 0 
1045 1000.24 0.436 
1046 0 0 
1047 0 0 
1048 0 0 
1049 0 0 
1050 1000.25 0.467 
1051 0 0 
1052 0 0 
1053 0 0 
1054 0 0 
1055 1000.23 0.494 
1056 0 0 
1057 1000.24 0.459 
1058 0 0 
1059 0 0 
1060 1000.4 0.841 
1061 0 0 
1062 0 0 
1063 0 0 
1064 1000.24 0.503 
1065 1000.22 0.593 
1066 0 0 
1067 0 0 
1068 0 0 
1069 1000.28 0.652 
1070 1000.27 0.59 
1071 0 0 
1072 1000.21 0.516 
1073 0 0 
1074 0 0 
1075 1000.24 0.642 
1076 0 0 
1077 0 0 
1078 0 0 
1079 0 0 
1080 1000.25 0.714 
1081 0 0 
1082 0 0 
1083 0 0 
1084 0 0 
1085 1000.28 0.607 
1086 0 0 
1087 0 0 
1088 0 0 
1089 0 0 
1090 1000.29 0.672 
1091 0 0 
1092 1000.32 0.639 
1093 0 0 
1094 0 0 
1095 1000.27 0.617 
1096 0 0 
1097 0 0 
1098 1000.27 0.621 
1099 0 0 
1100 1000.29 0.559 
1101 0 0 
1102 0 0 
1103 0 0 
1104 0 0 
1105 1000.27 0.602 
1106 1000.22 0.585 
1107 0 0 
1108 0 0 
1109 0 0 
1110 1000.23 0.705 
1111 0 0 
1112 0 0 
1113 0 0 
1114 0 0 
1115 1000.22 0.728 
1116 0 0 
1117 0 0 
1118 0 0 
1119 0 0 
1120 1000.22 0.749 
1121 0 0 
1122 0 0 
1123 0 0 
1124 0 0 
1125 1000.31 0.65 
1126 0 0 
1127 0 0 
1128 0 0 
1129 0 0 
1130 1000.27 0.569 
1131 1000.27 0.612 
1132 0 0 
1133 0 0 
1134 0 0 
1135 1000.27 0.665 
1136 0 0 
1137 0 0 
1138 1000.22 0.622 
1139 0 0 
1140 1000.25 0.663 
1141 0 0 
1142 0 0 
1143 0 0 
1144 0 0 
1145 1000.24 0.56 
1146 0 0 
1147 0 0 
1148 1000.21 0.453 
1149 0 0 
1150 1000.23 0.467 
1151 0 0 
1152 0 0 
1153 0 0 
1154 0 0 
1155 1000.31 0.742 
1156 0 0 
1157 0 0 
1158 0 0 
1159 0 0 
1160 1000.25 0.566 
1161 1000.25 0.546 
1162 0 0 
1163 0 0 
1164 0 0 
1165 1000.23 0.509 
1166 0 0 
1167 0 0 
1168 1000.23 0.438 
1169 0 0 
1170 1000.3 0.497 
1171 0 0 
1172 0 0 
1173 0 0 
1174 0 0 
1175 1000.24 0.515 
1176 1000.39 0.525 
1177 0 0 
1178 0 0 
1179 1000.29 0.515 
1180 1000.31 0.643 
1181 0 0 
1182 0 0 
1183 0 0 
1184 0 0 
1185 1000.28 0.549 
1186 0 0 
1187 0 0 
1188 0.243 0.665 
1189 0 0 
1190 1000.3 0.668 
1191 0 0 
1192 0.224 0.553 
1193 0 0 
1194 0 0 
1195 1000.24 0.515 
1196 0 0 
1197 0 0 
1198 0 0 
1199 1000.23 0.441 
1200 1000.26 0.66 
1201 1000.26 0.482 
1202 0 0 
1203 0 0 
1204 0 0 
1205 1000.24 0.861 
1206 1000.24 0.779 
1207 0 0 
1208 0 0 
1209 0 0 
1210 1000.26 0.971 
1211 0 0 
1212 0 0 
1213 0 0 
1214 0 0 
1215 1000.27 0.89 
1216 0 0 
1217 1000.25 0.555 
1218 0 0 
1219 0 0 
1220 1000.24 0.553 
1221 0 0 
1222 1000.22 0.488 
1223 0 0 
1224 0 0 
1225 1000.23 0.625 
1226 0 0 
1227 0 0 
1228 0 0 
1229 0 0 
1230 1000.21 0.655 
1231 0 0 
1232 0 0 
1233 0 0 
1234 0 0 
1235 1000.23 0.703 
1236 1000.21 0.646 
1237 0 0 
1238 0 0 
1239 0 0 
1240 1000.2 1.409 
1241 0 0 
1242 0 0 
1243 0 0 
1244 0 0 
1245 1000.2 0.682 
1246 0 0 
1247 1000.24 0.781 
1248 0 0 
1249 0 0 
1250 1000.25 0.883 
1251 0 0 
1252 0 0 
1253 0 0 
1254 1000.23 0.687 
1255 1000.2 0.674 
1256 0 0 
1257 0 0 
1258 0 0 
1259 0 0 
1260 1000.21 0.535 
1261 0 0 
1262 1000.24 0.53 
1263 1000.27 0.536 
1264 1000.21 0.628 
1265 1000.25 0.67 
1266 0 0 
1267 0 0 
1268 1000.2 0.801 
1269 0 0 
1270 1000.29 0.782 
1271 0 0 
1272 0 0 
1273 0 0 
1274 0 0 
1275 1000.24 0.715 
1276 0 0 
1277 0 0 
1278 0 0 
1279 0.163 0.378 
1280 1000.25 0.48 
1281 0 0 
1282 0 0 
1283 0 0 
1284 0 0 
1285 1000.38 0.672 
1286 0 0 
1287 0 0 
1288 1000.25 0.787 
1289 0 0 
1290 1000.26 0.711 
1291 0 0 
1292 0 0 
1293 0 0 
1294 0 0 
1295 1000.32 0.593 
1296 0 0 
1297 0 0 
1298 0 0 
1299 0 0 
1300 1000.27 0.552 
1301 0 0 
1302 1000.29 0.608 
1303 0 0 
1304 0 0 
1305 1000.33 0.558 
1306 0 0 
1307 0 0 
1308 1000.26 0.587 
1309 0 0 
1310 1000.25 0.595 
1311 1000.29 0.57 
1312 1000.27 0.567 
1313 0 0 
1314 0 0 
1315 1000.26 0.77 
1316 0 0 
1317 0 0 
1318 0 0 
1319 0 0 
1320 1000.27 0.778 
1321 0 0 
1322 0 0 
1323 0 0 
1324 0 0 
1325 1000.25 0.568 
1326 0 0 
1327 0 0 
1328 0 0 
1329 0 0 
1330 1000.3 0.631 
1331 0 0 
1332 0 0 
1333 1000.25 0.653 
1334 1000.24 0.722 
1335 1000.26 0.658 
1336 0 0 
1337 1000.27 0.498 
1338 0 0 
1339 0 0 
1340 1000.22 0.593 
1341 0 0 
1342 1000.26 0.549 
1343 0 0 
1344 1000.25 0.494 
1345 1000.41 0.495 
1346 0 0 
1347 0 0 
1348 0 0 
1349 1000.25 0.812 
1350 1000.25 0.701 
1351 0 0 
1352 0 0 
1353 0 0 
1354 0 0 
1355 1000.25 0.674 
1356 0 0 
1357 0 0 
1358 0 0 
1359 0 0 
1360 1000.25 0.502 
1361 0 0 
1362 0 0 
1363 0 0 
1364 0 0 
1365 1000.26 0.481 
1366 1000.24 0.559 
1367 0 0 
1368 0 0 
1369 1000.25 0.537 
1370 1000.24 0.52 
1371 0 0 
1372 1000.26 0.505 
1373 0 0 
1374 0 0 
1375 1000.26 0.531 
1376 0 0 
1377 0 0 
1378 0 0 
1379 0 0 
1380 1000.27 0.56 
1381 0 0 
1382 0 0 
1383 0 0 
1384 0 0 
1385 1000.26 0.503 
1386 1000.26 0.477 
1387 0 0 
1388 0 0 
1389 0 0 
1390 1000.33 0.515 
1391 0 0 
1392 1000.33 0.517 
1393 1000.25 0.531 
1394 1000.31 0.536 
1395 1000.25 0.457 
1396 0 0 
1397 0 0 
1398 0 0 
1399 0 0 
1400 1000.28 0.616 
1401 0 0 
1402 1000.29 0.562 
1403 0 0 
1404 0 0 
1405 1000.3 0.623 
1406 0 0 
1407 0 0 
1408 0 0 
1409 0 0 
1410 1000.29 0.61 
1411 0 0 
1412 0 0 
1413 0 0 
1414 0 0 
1415 1000.25 0.757 
1416 0 0 
1417 1000.28 0.713 
1418 0 0 
1419 0 0 
1420 1000.29 0.571 
1421 0 0 
1422 0 0 
1423 0 0 
1424 0 0 
1425 1000.27 1.059 
1426 0 0 
1427 0 0 
1428 1000.25 0.693 
1429 1000.28 0.694 
1430 1000.29 0.814 
1431 1000.23 0.679 
1432 0 0 
1433 0 0 
1434 0 0 
1435 1000.27 0.487 
1436 0 0 
1437 1000.29 0.515 
1438 0 0 
1439 0 0 
1440 1000.23 0.51 
1441 0 0 
1442 0 0 
1443 1000.26 0.637 
1444 0 0 
1445 1000.23 0.735 
1446 0 0 
1447 0 0 
1448 0 0 
1449 0 0 
1450 1000.23 0.754 
1451 0 0 
1452 0 0 
1453 0 0 
1454 0 0 
1455 1000.29 0.613 
1456 0 0 
1457 0 0 
1458 0 0 
1459 0 0 
1460 1000.24 0.535 
1461 0 0 
1462 0 0 
1463 0 0 
1464 0 0 
1465 1000.24 0.725 
1466 1000.23 0.781 
1467 1000.4 0.663 
1468 1000.28 0.739 
1469 0 0 
1470 1000.28 0.681 
1471 0 0 
1472 0 0 
1473 0 0 
1474 0 0 
1475 1000.27 0.583 
1476 0 0 
1477 0.248 0.49 
1478 0 0 
1479 0 0 
1480 1000.27 0.652 
1481 0 0 
1482 0 0 
1483 0 0 
1484 0 0 
1485 1000.27 0.944 
1486 0 0 
1487 0 0 
1488 0 0 
1489 0 0 
1490 1000.29 0.723 
1491 0 0 
1492 1000.3 0.731 
1493 0 0 
1494 0 0 
1495 1000.32 0.518 
1496 0 0 
1497 0 0 
1498 0 0 
1499 0 0 
1500 1000.29 0.539 
1501 0 0 
1502 0 0 
1503 0 0 
1504 0 0 
1505 1000.28 0.557 
1506 0 0 
1507 0 0 
1508 1000.27 0.566 
1509 0 0 
1510 1000.31 0.573 
1511 0 0 
1512 0 0 
1513 0 0 
1514 0 0 
1515 1000.32 0.567 
1516 0 0 
1517 0 0 
1518 1000.3 0.532 
1519 0 0 
1520 1000.31 0.576 
1521 0 0 
1522 0 0 
1523 0 0 
1524 0 0 
1525 1000.28 0.568 
1526 0 0 
1527 0 0 
1528 0 0 
1529 0 0 
1530 1000.29 0.729 
1531 0 0 
1532 0 0 
1533 0 0 
1534 0 0 
1535 1000.33 0.886 
1536 0 0 
1537 1000.33 0.887 
1538 0 0 
1539 0 0 
1540 1000.31 0.847 
1541 0 0 
1542 0 0 
1543 0 0 
1544 0 0 
1545 1000.29 0.627 
1546 0 0 
1547 1000.36 0.811 
1548 0 0 
1549 0 0 
1550 1000.32 0.666 
1551 0 0 
1552 0 0 
1553 1000.29 1.405 
1554 0 0 
1555 1000.35 1.231 
1556 0 0 
1557 1000.51 1.138 
1558 1000.29 0.973 
1559 0 0 
1560 1000.3 0.566 
1561 0 0 
1562 0 0 
1563 0.233 0.494 
1564 0 0 
1565 1000.3 0.793 
1566 0 0 
1567 0 0 
1568 1000.27 0.701 
1569 0 0 
1570 1000.29 0.707 
1571 0 0 
1572 0 0 
1573 0 0 
1574 0 0 
1575 1000.29 0.917 
1576 0 0 
1577 0 0 
1578 0 0 
1579 0 0 
1580 1000.33 0.781 
1581 0 0 
1582 0 0 
1583 0 0 
1584 1000.31 0.801 
1585 1000.29 0.827 
1586 0 0 
1587 0 0 
1588 0 0 
1589 0 0 
1590 1000.29 0.765 
1591 0 0 
1592 0 0 
1593 0 0 
1594 0 0 
1595 1000.34 0.745 
1596 0 0 
1597 0 0 
1598 0 0 
1599 0 0 
1600 1000.32 0.657 
1601 0 0 
1602 0 0 
1603 0 0 
1604 1000.31 0.671 
1605 1000.25 0.584 
1606 0 0 
1607 1000.29 0.595 
1608 0 0 
1609 1000.3 0.628 
1610 1000.32 0.691 
1611 0 0 
1612 0 0 
1613 0 0 
1614 0 0 
1615 1000.31 0.63 
1616 0 0 
1617 0 0 
1618 1000.27 0.579 
1619 0 0 
1620 1000.28 0.593 
1621 0 0 
1622 0 0 
1623 1000.27 0.606 
1624 0 0 
1625 1000.32 0.564 
1626 0 0 
1627 0 0 
1628 0 0 
1629 0 0 
1630 1000.28 0.549 
1631 0 0 
1632 0 0 
1633 0 0 
1634 0 0 
1635 1000.32 0.598 
1636 0 0 
1637 0 0 
1638 0 0 
1639 0 0 
1640 1000.31 0.594 
1641 0 0 
1642 0 0 
1643 0 0 
1644 1000.29 0.789 
1645 1000.29 0.821 
1646 0 0 
1647 0 0 
1648 0 0 
1649 0 0 
1650 1000.3 0.781 
1651 0 0 
1652 0 0 
1653 0 0 
1654 0 0 
1655 1000.53 0.959 
1656 1000.32 0.77 
1657 0 0 
1658 0 0 
1659 0 0 
1660 1000.3 0.632 
1661 0 0 
1662 1000.33 0.717 
1663 0 0 
1664 0 0 
1665 1000.33 0.636 
1666 0 0 
1667 0 0 
1668 0 0 
1669 0 0 
1670 1000.31 0.735 
1671 1000.31 0.55 
1672 0 0 
1673 0 0 
1674 0 0 
1675 1000.28 0.784 
1676 0 0 
1677 0 0 
1678 0 0 
1679 0 0 
1680 1000.3 0.837 
1681 0 0 
1682 0 0 
1683 0 0 
1684 0 0 
1685 1000.29 0.634 
1686 0 0 
1687 0 0 
1688 0 0 
1689 1000.29 0.909 
1690 1000.31 0.552 
1691 0 0 
1692 0 0 
1693 0 0 
1694 0 0 
1695 1000.3 0.79 
1696 0 0 
1697 0 0 
1698 0 0 
1699 0 0 
1700 1000.3 0.793 
1701 0 0 
1702 0 0 
1703 0 0 
1704 0 0 
1705 1000.32 0.631 
1706 0 0 
1707 0 0 
1708 1000.31 0.582 
1709 0 0 
1710 1000.33 0.584 
1711 0 0 
1712 0 0 
1713 0 0 
1714 0 0 
1715 1000.31 0.541 
1716 1000.31 0.66 
1717 0 0 
1718 0 0 
1719 0 0 
1720 1000.3 0.572 
1721 0 0 
1722 0 0 
1723 0 0 
1724 0 0 
1725 1000.34 0.642 
1726 0 0 
1727 1000.28 0.749 
1728 0 0 
1729 0 0 
1730 1000.29 0.65 
1731 0 0 
1732 0 0 
1733 0 0 
1734 0 0 
1735 1000.32 0.7 
1736 0 0 
1737 0 0 
1738 1000.32 0.62 
1739 0 0 
1740 1000.29 0.66 
1741 0 0 
1742 0 0 
1743 0 0 
1744 1000.34 0.729 
1745 1000.3 0.701 
1746 0 0 
1747 0 0 
1748 0 0 
1749 0 0 
1750 1000.32 0.601 
1751 0 0 
1752 0 0 
1753 0 0 
1754 0 0 
1755 1000.3 0.798 
1756 1000.32 0.831 
1757 0 0 
1758 0 0 
1759 1000.5 0.783 
1760 1000.28 0.675 
1761 0 0 
1762 0 0 
1763 0 0 
1764 1000.32 0.561 
1765 1000.32 0.586 
1766 1000.34 0.661 
1767 0 0 
1768 0 0 
1769 0 0 
1770 1000.34 0.594 
1771 0 0 
1772 0 0 
1773 0 0 
1774 0 0 
1775 1000.37 0.606 
1776 0 0 
1777 0 0 
1778 0 0 
1779 1000.36 0.696 
1780 1000.28 0.779 
1781 0 0 
1782 0 0 
1783 0 0 
1784 1000.34 0.632 
1785 1000.28 0.671 
1786 0 0 
1787 0 0 
1788 1000.44 0.776 
1789 1000.27 0.558 
1790 1000.35 0.658 
1791 0 0 
1792 0 0 
1793 0 0 
1794 0 0 
1795 1000.3 0.566 
1796 0 0 
1797 0 0 
1798 0 0 
1799 0 0 
1800 1000.26 0.554 
1801 0 0 
1802 0 0 
1803 0 0 
1804 1000.37 0.757 
1805 1000.35 0.829 
1806 0 0 
1807 0 0 
1808 0 0 
1809 1000.32 0.863 
1810 1000.32 0.689 
1811 0 0 
1812 0 0 
1813 0 0 
1814 0 0 
1815 1000.3 0.756 
1816 0 0 
1817 0 0 
1818 0 0 
1819 0.276 0.509 
1820 1000.28 0.614 
1821 0 0 
1822 0 0 
1823 0 0 
1824 0 0 
1825 1000.53 0.943 
1826 0 0 
1827 0 0 
1828 0 0 
1829 0 0 
1830 1000.32 0.855 
1831 0 0 
1832 0.315 0.596 
1833 0.244 0.744 
1834 0 0 
1835 1000.34 0.802 
1836 0 0 
1837 0.381 0.641 
1838 0 0 
1839 0 0 
1840 1000.28 0.732 
1841 1000.34 0.531 
1842 0 0 
1843 0 0 
1844 0 0 
1845 1000.3 0.569 
1846 0 0 
1847 0 0 
1848 0 0 
1849 0 0 
1850 1000.34 0.497 
1851 0 0 
1852 0 0 
1853 1000.35 0.539 
1854 0 0 
1855 1000.34 0.609 
1856 0 0 
1857 0 0 
1858 0 0 
1859 0 0 
1860 1000.32 0.635 
1861 0 0 
1862 0 0 
1863 0 0 
1864 0 0 
1865 1000.37 0.836 
1866 0 0 
1867 0 0 
1868 0 0 
1869 0 0 
1870 1000.34 0.593 
1871 0 0 
1872 0 0 
1873 1000.34 0.615 
1874 0 0 
1875 1000.33 0.766 
1876 0 0 
1877 0 0 
1878 0 0 
1879 0 0 
1880 1000.35 0.54 
1881 0 0 
1882 0 0 
1883 1000.55 0.602 
1884 0 0 
1885 1000.31 0.492 
1886 0 0 
1887 0 0 
1888 1000.31 0.501 
1889 0 0 
1890 1000.33 0.743 
1891 0 0 
1892 0 0 
1893 0 0 
1894 0 0 
1895 1000.32 0.715 
1896 0 0 
1897 0 0 
1898 1000.3 0.697 
1899 0 0 
1900 1000.35 0.699 
1901 0 0 
1902 0 0 
1903 0 0 
1904 0 0 
1905 1000.35 0.609 
1906 0 0 
1907 0 0 
1908 0 0 
1909 0 0 
1910 1000.31 0.526 
1911 0 0 
1912 0 0 
1913 1000.32 0.552 
1914 0 0 
1915 1000.31 0.66 
1916 0 0 
1917 0 0 
1918 0 0 
1919 0 0 
1920 1000.35 1.03 
1921 0 0 
1922 1000.3 0.692 
1923 0 0 
1924 0 0 
1925 1000.36 1.016 
1926 0 0 
1927 1000.31 0.644 
1928 1000.27 0.623 
1929 0 0 
1930 1000.51 0.711 
1931 0 0 
1932 0 0 
1933 1000.33 0.646 
1934 0 0 
1935 1000.31 0.536 
1936 1000.34 0.511 
1937 0 0 
1938 0 0 
1939 0 0 
1940 1000.33 0.558 
1941 0 0 
1942 0 0 
1943 0 0 
1944 0 0 
1945 1000.32 0.617 
1946 0 0 
1947 0 0 
1948 0 0 
1949 0 0 
1950 1000.28 1.162 
1951 0 0 
1952 0 0 
1953 0 0 
1954 0 0 
1955 1000.33 1.192 
1956 0 0 
1957 0 0 
1958 0 0 
1959 0 0 
1960 1000.28 0.744 
1961 0 0 
1962 1000.32 0.667 
1963 0 0 
1964 0 0 
1965 1000.3 0.708 
1966 0 0 
1967 1000.28 0.696 
1968 1000.31 0.613 
1969 0 0 
1970 1000.33 0.573 
1971 0 0 
1972 0 0 
1973 0 0 
1974 0 0 
1975 1000.33 0.635 
1976 1000.32 0.585 
1977 0 0 
1978 0 0 
1979 1000.3 0.605 
1980 1000.29 0.572 
1981 0 0 
1982 1000.88 0.89 
1983 0 0 
1984 0 0 
1985 1000.36 0.836 
1986 0 0 
1987 0 0 
1988 1000.28 0.719 
1989 0 0 
1990 1000.28 0.677 
1991 0 0 
1992 0 0 
1993 0 0 
1994 0 0 
1995 1000.29 0.564 
1996 0 0 
1997 0 0 
1998 0 0 
1999 0 0 
2000 1000.32 0.997 
2001 0 0 
2002 0 0 
2003 0 0 
2004 0 0 
2005 1000.39 0.785 
2006 0 0 
2007 0 0 
2008 0 0 
2009 0 0 
2010 1000.33 0.63 
2011 1000.32 0.571 
2012 0 0 
2013 1000.29 0.573 
2014 0 0 
2015 1000.28 0.562 
2016 0 0 
2017 0 0 
2018 0 0 
2019 0 0 
2020 1000.29 0.578 
2021 0 0 
2022 0 0 
2023 0 0 
2024 0 0 
2025 1000.31 0.808 
2026 1000.29 0.806 
2027 0 0 
2028 0 0 
2029 1000.32 1.296 
2030 1000.33 0.931 
2031 0 0 
2032 0 0 
2033 0 0 
2034 0 0 
2035 1000.46 1.204 
2036 1000.39 0.952 
2037 1000.41 0.782 
2038 0 0 
2039 0 0 
2040 1000.34 0.748 
2041 0 0 
2042 0 0 
2043 0 0 
2044 0 0 
2045 1000.32 0.649 
2046 0 0 
2047 0 0 
2048 0 0 
2049 1000.35 1.392 
2050 1000.32 0.634 
2051 0 0 
2052 1000.34 0.947 
2053 0 0 
2054 0 0 
2055 1000.47 0.633 
2056 0 0 
2057 0 0 
2058 0 0 
2059 0.265 0.709 
2060 1000.31 0.736 
2061 0 0 
2062 0 0 
2063 0 0 
2064 1000.31 0.67 
2065 1000.31 0.707 
2066 0 0 
2067 0 0 
2068 0 0 
2069 0 0 
2070 1000.28 0.804 
2071 0 0 
2072 0 0 
2073 0 0 
2074 0 0 
2075 1000.35 0.666 
2076 1000.3 0.558 
2077 0 0 
2078 1000.32 0.616 
2079 0 0 
2080 1000.29 0.561 
2081 0 0 
2082 0 0 
2083 0 0 
2084 0 0 
2085 1000.33 0.649 
2086 0 0 
2087 0 0 
2088 0 0 
2089 1000.33 0.673 
2090 1000.32 0.747 
2091 0 0 
2092 0 0 
2093 0 0 
2094 0 0 
2095 1000.3 0.697 
2096 0 0 
2097 1000.3 0.548 
2098 0 0 
2099 0 0 
2100 1000.3 0.623 
2101 0 0 
2102 0.238 0.782 
2103 0 0 
2104 0.268 0.728 
2105 1000.33 0.831 
2106 0 0 
2107 0 0 
2108 0 0 
2109 0 0 
2110 1000.29 0.669 
2111 0 0 
2112 1000.31 0.637 
2113 0 0 
2114 0 0 
2115 1000.3 0.591 
2116 1000.3 0.543 
2117 0 0 
2118 0 0 
2119 0 0 
2120 1000.27 0.608 
2121 0 0 
2122 0 0 
2123 0 0 
2124 0 0 
2125 1000.3 0.606 
2126 0 0 
2127 0 0 
2128 0 0 
2129 0 0 
2130 1000.29 0.739 
2131 0 0 
2132 0 0 
2133 0 0 
2134 0 0 
2135 1000.29 0.693 
2136 0 0 
2137 0 0 
2138 0 0 
2139 0 0 
2140 1000.31 0.715 
2141 0 0 
2142 0 0 
2143 0 0 
2144 0 0 
2145 1000.29 0.629 
2146 0 0 
2147 0 0 
2148 0 0 
2149 0 0 
2150 1000.48 0.653 
2151 0 0 
2152 0 0 
2153 1000.32 0.708 
2154 0 0 
2155 1000.3 0.623 
2156 0 0 
2157 0 0 
2158 0 0 
2159 0 0 
2160 1000.3 0.64 
2161 0 0 
2162 0 0 
2163 0 0 
2164 0 0 
2165 1000.29 0.641 
2166 1000.31 0.596 
2167 0 0 
2168 0 0 
2169 0 0 
2170 1000.4 1.045 
2171 0 0 
2172 1000.31 0.656 
2173 0 0 
2174 0 0 
2175 1000.28 0.64 
2176 0 0 
2177 0 0 
2178 0 0 
2179 0 0 
2180 1000.29 0.647 
2181 1000.5 1.183 
2182 0 0 
2183 0 0 
2184 0 0 
2185 1000.39 0.943 
2186 0 0 
2187 0 0 
2188 1000.43 0.889 
2189 0 0 
2190 1000.71 0.782 
2191 0 0 
2192 1000.26 0.865 
2193 0 0 
2194 0 0 
2195 1000.27 0.687 
2196 0 0 
2197 0.236 0.593 
2198 0 0 
2199 0.273 0.559 
2200 1000.27 0.792 
2201 0 0 
2202 1000.3 0.581 
2203 0 0 
2204 0 0 
2205 1000.28 0.7 
2206 0 0 
2207 0 0 
2208 0 0 
2209 0 0 
2210 1000.28 0.541 
2211 0 0 
2212 0 0 
2213 0 0 
2214 0 0 
2215 1000.34 0.663 
2216 0 0 
2217 0 0 
2218 0 0 
2219 1000.27 0.68 
2220 1000.3 0.722 
2221 0 0 
2222 0 0 
2223 0 0 
2224 0 0 
2225 1000.3 0.694 
2226 0 0 
2227 0 0 
2228 0 0 
2229 0 0 
2230 1000.28 0.673 
2231 0 0 
2232 0 0 
2233 0 0 
2234 0 0 
2235 1000.27 0.649 
2236 0 0 
2237 0 0 
2238 1000.32 0.635 
2239 0 0 
2240 1000.28 0.583 
2241 0 0 
2242 0 0 
2243 0 0 
2244 0 0 
2245 1000.31 0.662 
2246 0 0 
2247 0 0 
2248 0 0 
2249 1000.28 0.582 
2250 1000.3 0.602 
2251 0 0 
2252 0 0 
2253 0 0 
2254 0 0 
2255 1000.28 0.584 
2256 1000.29 0.611 
2257 0 0 
2258 0 0 
2259 0 0 
2260 1000.29 0.562 
2261 0 0 
2262 0 0 
2263 1000.33 0.869 
2264 0 0 
2265 1000.3 0.579 
2266 0 0 
2267 0 0 
2268 0 0 
2269 0 0 
2270 1000.29 0.927 
2271 0 0 
2272 0 0 
2273 1000.41 0.587 
2274 0 0 
2275 1000.3 0.81 
2276 0 0 
2277 0 0 
2278 0 0 
2279 1000.28 0.645 
2280 1000.28 0.68 
2281 0 0 
2282 0 0 
2283 0 0 
2284 1000.29 0.718 
2285 1000.32 0.631 
2286 0 0 
2287 0 0 
2288 0 0 
2289 0 0 
2290 1000.27 0.643 
2291 0 0 
2292 0 0 
2293 0 0 
2294 0 0 
2295 1000.28 0.823 
2296 0 0 
2297 0 0 
2298 0 0 
2299 0 0 
2300 1000.3 0.725 
2301 0 0 
2302 0 0 
2303 0 0 
2304 0 0 
2305 1000.29 0.573 
2306 0 0 
2307 1000.29 0.565 
2308 0 0 
2309 0 0 
2310 1000.32 0.578 
2311 0 0 
2312 0 0 
2313 0 0 
2314 0 0 
2315 1000.29 0.612 
2316 0 0 
2317 1000.29 0.583 
2318 1000.28 0.535 
2319 0 0 
2320 1000.32 0.547 
2321 0 0 
2322 0 0 
2323 0 0 
2324 0 0 
2325 1000.32 0.637 
2326 0 0 
2327 0 0 
2328 0 0 
2329 0 0 
2330 1000.29 0.652 
2331 0 0 
2332 0 0 
2333 0 0 
2334 0 0 
2335 1000.3 0.757 
2336 0 0 
2337 0 0 
2338 0 0 
2339 0 0 
2340 1000.3 0.684 
2341 0 0 
2342 0 0 
2343 0 0 
2344 0 0 
2345 1000.31 0.846 
2346 0 0 
2347 0 0 
2348 0 0 
2349 0 0 
2350 1000.31 0.741 
2351 1000.41 0.636 
2352 1000.31 1.091 
2353 0 0 
2354 1000.33 0.508 
2355 1000.45 0.612 
2356 0 0 
2357 1000.32 0.607 
2358 0 0 
2359 0 0 
2360 1000.28 1.051 
2361 0 0 
2362 0 0 
2363 0 0 
2364 0 0 
2365 1000.28 0.815 
2366 0 0 
2367 1000.28 0.609 
2368 0 0 
2369 0 0 
2370 1000.28 0.533 
2371 0 0 
2372 0 0 
2373 0 0 
2374 0 0 
2375 1000.28 0.62 
2376 0 0 
2377 0 0 
2378 0 0 
2379 0.24 0.916 
2380 1000.32 0.647 
2381 0 0 
2382 0 0 
2383 1000.25 0.532 
2384 0 0 
2385 1000.3 0.576 
2386 1000.29 0.512 
2387 0 0 
2388 1000.27 0.539 
2389 0 0 
2390 1000.27 0.52 
2391 0 0 
2392 1000.26 0.511 
2393 0 0 
2394 0 0 
2395 1000.34 0.558 
2396 0 0 
2397 0 0 
2398 0 0 
2399 0 0 
2400 1000.35 0.553 
2401 0 0 
2402 0 0 
2403 0 0 
2404 0 0 
2405 1000.31 0.667 
2406 0 0 
2407 0 0 
2408 0 0 
2409 0 0 
2410 1000.31 0.564 
2411 0 0 
2412 0 0 
2413 0 0 
2414 1000.24 0.593 
2415 1000.29 0.664 
2416 0 0 
2417 0 0 
2418 0 0 
2419 0 0 
2420 1000.44 0.717 
2421 0 0 
2422 1000.29 0.687 
2423 0 0 
2424 0 0 
2425 1000.29 0.686 
2426 0 0 
2427 0 0 
2428 0 0 
2429 1000.31 0.645 
2430 1000.32 0.616 
2431 0 0 
2432 0 0 
2433 0 0 
2434 0 0 
2435 1000.3 0.613 
2436 0 0 
2437 0 0 
2438 0 0 
2439 0 0 
2440 1000.3 0.597 
2441 0 0 
2442 0 0 
2443 1000.28 1.188 
2444 1000.34 1.004 
2445 1000.3 0.828 
2446 1000.28 0.638 
2447 0 0 
2448 1000.32 0.83 
2449 0 0 
2450 1000.31 0.64 
2451 0 0 
2452 0 0 
2453 1000.29 0.514 
2454 0 0 
2455 1000.31 0.633 
2456 0 0 
2457 0 0 
2458 0 0 
2459 0 0 
2460 1000.25 0.487 
2461 0 0 
2462 1000.28 0.563 
2463 0 0 
2464 0 0 
2465 1000.29 0.537 
2466 0 0 
2467 1000.28 0.568 
2468 0 0 
2469 0 0 
2470 1000.28 0.603 
2471 0 0 
2472 0 0 
2473 0 0 
2474 0 0 
2475 1000.27 0.549 
2476 0 0 
2477 0 0 
2478 0 0 
2479 1000.25 0.518 
2480 1000.33 0.835 
2481 0 0 
2482 0 0 
2483 0 0 
2484 0 0 
2485 1000.44 0.513 
2486 1000.25 0.501 
2487 1000.25 0.465 
2488 0.171 0.611 
2489 0 0 
2490 1000.25 0.535 
2491 1000.25 0.539 
2492 0 0 
2493 0 0 
2494 0 0 
2495 1000.25 0.497 
2496 0 0 
2497 0 0 
2498 0.181 0.343 
2499 0 0 
2500 0 0 
2501 0 0 
2502 0 0 
2503 0 0 
2504 0.188 0.315 
2505 0 0 
2506 0.185 0.285 
2507 0 0 
2508 0 0 
2509 0 0 
2510 0.202 0.272 
2511 0 0 
