# MAPD Framework Output
# Algorithm: CENTRAL
# Map: 21x35 (302 task eps, 10 agents)
# Tasks: 500
# Makespan: 1145
# Sum of Task Waiting Time: 253133
# Tasks completed: 500/500
# Runtime: 8343.09 ms

# Agent paths (agent_id: loc_t0 loc_t1 ... loc_makespan)
0: 380 380 380 380 380 380 380 380 380 380 380 380 380 380 380 380 380 380 380 380 380 380 380 380 380 380 380 380 380 380 380 380 380 380 380 380 380 380 380 380 380 380 380 380 380 380 380 380 380 380 380 380 380 380 380 380 380 380 380 380 380 380 380 380 380 380 380 380 380 380 380 380 380 380 380 380 380 380 380 380 380 380 380 380 380 380 380 380 380 380 380 380 380 380 380 380 380 380 380 380 380 380 380 380 380 380 380 380 380 380 380 380 380 380 380 380 380 380 380 380 380 380 380 380 380 380 380 380 380 380 380 380 380 380 380 380 380 380 380 380 380 380 380 380 380 380 380 380 380 380 380 380 380 380 380 380 380 380 380 380 380 380 380 380 380 380 380 380 380 380 380 380 380 380 380 380 380 380 380 380 380 380 380 380 380 380 380 380 380 380 380 380 380 380 380 380 380 380 380 380 380 380 380 380 380 380 380 380 380 380 380 380 380 380 380 380 380 380 380 380 380 380 380 380 380 380 380 380 380 380 380 380 380 380 380 380 380 380 380 380 380 380 380 380 380 380 380 380 380 380 380 380 380 380 380 380 380 380 380 380 380 380 380 380 380 380 380 380 380 380 380 380 380 380 380 380 380 380 380 380 380 380 380 380 380 380 380 380 380 380 380 380 380 380 380 380 380 380 380 380 380 380 380 380 380 380 380 380 380 380 380 380 380 380 380 380 380 380 380 380 380 380 380 380 380 380 380 380 380 380 380 380 380 380 380 380 380 380 380 380 380 380 380 380 380 380 380 380 380 380 380 380 380 380 380 380 380 380 380 380 380 380 380 380 380 380 380 380 380 380 380 380 380 380 380 380 380 380 380 380 380 380 380 380 380 380 380 380 380 380 380 380 380 380 380 380 380 380 380 380 380 380 380 380 380 380 380 380 380 380 380 380 380 380 380 380 380 380 380 380 380 380 380 380 380 380 380 380 380 380 380 380 380 380 380 380 380 380 380 380 380 380 380 380 380 380 380 380 380 380 380 380 380 380 380 380 380 380 380 380 380 380 380 380 380 380 380 380 380 380 380 380 380 380 380 380 380 380 380 380 380 380 380 380 380 380 380 380 380 380 380 380 380 380 380 380 380 380 380 380 380 380 380 380 380 380 380 380 380 380 380 380 380 380 380 380 380 380 380 380 380 380 380 380 380 380 380 380 380 380 380 380 380 380 380 380 380 380 380 380 380 380 380 380 380 380 380 380 380 380 380 380 380 380 380 380 380 380 380 380 380 380 380 380 380 380 380 380 380 380 380 380 380 380 380 380 380 380 380 380 380 380 380 380 380 380 380 380 380 380 380 380 380 380 380 380 380 380 380 380 380 380 380 380 380 380 380 380 380 380 380 380 380 380 380 380 380 380 380 380 380 380 380 380 380 380 380 380 380 380 380 380 380 380 380 380 380 380 380 380 380 380 380 380 380 380 380 380 380 380 380 380 380 380 380 380 380 380 380 380 380 380 380 380 380 380 380 380 380 380 380 380 380 380 380 380 380 380 380 380 380 380 380 380 380 380 380 380 380 380 380 380 380 380 380 380 380 380 380 380 380 380 380 380 380 380 380 380 380 380 380 380 380 380 380 380 380 380 380 380 380 380 380 380 380 380 380 380 380 380 380 380 380 380 380 380 380 380 380 380 380 380 380 380 380 380 380 380 380 380 380 380 380 380 380 380 380 380 380 380 380 380 380 380 380 380 380 380 380 380 380 380 380 380 380 380 380 380 380 380 380 380 380 380 380 380 380 380 380 380 380 380 380 380 380 380 380 380 380 380 380 380 380 380 380 380 380 380 380 380 380 380 380 380 380 380 380 380 380 380 380 380 380 380 380 380 380 380 380 380 380 380 380 380 380 380 380 380 380 380 380 380 380 380 380 380 380 380 380 380 380 380 380 380 380 380 380 380 380 380 380 380 380 380 380 380 380 380 380 380 380 380 380 380 380 380 380 380 380 380 380 380 380 380 380 380 380 380 380 380 380 380 380 380 380 380 380 380 380 380 380 380 380 380 380 380 380 380 380 380 380 380 380 380 380 380 380 380 380 380 380 380 380 380 380 380 380 380 380 380 380 380 380 380 380 380 380 380 380 380 380 380 380 380 380 380 380 380 380 380 380 380 380 380 380 380 380 380 380 380 380 380 380 380 380 380 380 380 380 380 380 380 380 380 380 380 380 380 380 380 380 380 380 380 380 380 380 380 380 380 380 380 380 380 380 380 380 380 380 380 380 380 380 380 380 380 380 380 380 380 380 380 380 380 380 380 380 380 380 380 380 380 380 380 380 380 380 380 380 380 380 380 380 380 380 380 380 380 380 380 380 380 380 380 380 380 380 380 380 380 380 380 380 380 380 380 380 380 380 380 380 380 380 380 380 380 380 380 380 380 380 380 380 380 380 380 380 380 380 380 380 380 380 380 380 380 380 380 380 380 380 380 380 380 380 380 380 380 380 380 380 380 380 380 380 380 380 380 380 380 380 380 380 380 380 380 380 380 380 380 380 380 380 380 380 380 380 380 380 380 380 380 380 380 380 380 380 380 380 380 380 380 380 380 380 380
1: 176 176 176 176 176 176 176 176 176 176 176 176 176 176 176 176 176 176 176 176 176 176 176 176 176 176 176 176 176 176 176 176 176 176 176 176 176 176 176 176 176 176 176 176 176 176 176 176 176 176 176 176 176 176 176 176 176 176 176 176 176 176 176 176 176 176 176 176 176 176 176 176 176 176 176 176 176 176 176 176 176 176 176 176 176 176 176 176 176 176 176 176 176 176 176 176 176 176 176 176 176 176 176 176 176 176 176 176 176 176 176 176 176 176 176 176 176 176 176 176 176 176 176 176 176 176 176 176 176 176 176 176 176 176 176 176 176 176 176 176 176 176 176 176 176 176 176 176 176 176 176 176 176 176 176 176 176 176 176 176 176 176 176 176 176 176 176 176 176 176 176 176 176 176 176 176 176 176 176 176 176 176 176 176 176 176 176 176 176 176 176 176 176 176 176 176 176 176 176 176 176 176 176 176 176 176 176 176 176 176 176 176 176 176 176 176 176 176 176 176 176 176 176 176 176 176 176 176 176 176 176 176 176 176 176 176 176 176 176 176 176 176 176 176 176 176 176 176 176 176 176 176 176 176 176 176 176 176 176 176 176 176 176 176 176 176 176 176 176 176 176 176 176 176 176 176 176 176 176 176 176 176 176 176 176 176 176 176 176 176 176 176 176 176 176 176 176 176 176 176 176 176 176 176 176 176 176 176 176 176 176 176 176 176 176 176 176 176 176 176 176 176 176 176 176 176 176 176 176 176 176 176 176 176 176 176 176 176 176 176 176 176 176 176 176 176 176 176 176 176 176 176 176 176 176 176 176 176 176 176 176 176 176 176 176 176 176 176 176 176 176 176 176 176 176 176 176 176 176 176 176 176 176 176 176 176 176 176 176 176 176 176 176 176 176 176 176 176 176 176 176 176 176 176 176 176 176 176 176 176 176 176 176 176 176 176 176 176 176 176 176 176 176 176 176 176 176 176 176 176 176 176 176 176 176 176 176 176 176 176 176 176 176 176 176 176 176 176 176 176 176 176 176 176 176 176 176 176 176 176 176 176 176 176 176 176 176 176 176 176 176 176 176 176 176 176 176 176 176 176 176 176 176 176 176 176 176 176 176 176 176 176 176 176 176 176 176 176 176 176 176 176 176 176 176 176 176 176 176 176 176 176 176 176 176 176 176 176 176 176 176 176 176 176 176 176 176 176 176 176 176 176 176 176 176 176 176 176 176 176 176 176 176 176 176 176 176 176 176 176 176 176 176 176 176 176 176 176 176 176 176 176 176 176 176 176 176 176 176 176 176 176 176 176 176 176 176 176 176 176 176 176 176 176 176 176 176 176 176 176 176 176 176 176 176 176 176 176 176 176 176 176 176 176 176 176 176 176 176 176 176 176 176 176 176 176 176 176 176 176 176 176 176 176 176 176 176 176 176 176 176 176 176 176 176 176 176 176 176 176 176 176 176 176 176 176 176 176 176 176 176 176 176 176 176 176 176 176 176 176 176 176 176 176 176 176 176 176 176 176 176 176 176 176 176 176 176 176 176 176 176 176 176 176 176 176 176 176 176 176 176 176 176 176 176 176 176 176 176 176 176 176 176 176 176 176 176 176 176 176 176 176 176 176 176 176 176 176 176 176 176 176 176 176 176 176 176 176 176 176 176 176 176 176 176 176 176 176 176 176 176 176 176 176 176 176 176 176 176 176 176 176 176 176 176 176 176 176 176 176 176 176 176 176 176 176 176 176 176 176 176 176 176 176 176 176 176 176 176 176 176 176 176 176 176 176 176 176 176 176 176 176 176 176 176 176 176 176 176 176 176 176 176 176 176 176 176 176 176 176 176 176 176 176 176 176 176 176 176 176 176 176 176 176 176 176 176 176 176 176 176 176 176 176 176 176 176 176 176 176 176 176 176 176 176 176 176 176 176 176 176 176 176 176 176 176 176 176 176 176 176 176 176 176 176 176 176 176 176 176 176 176 176 176 176 176 176 176 176 176 176 176 176 176 176 176 176 176 176 176 176 176 176 176 176 176 176 176 176 176 176 176 176 176 176 176 176 176 176 176 176 176 176 176 176 176 176 176 176 176 176 176 176 176 176 176 176 176 176 176 176 176 176 176 176 176 176 176 176 176 176 176 176 176 176 176 176 176 176 176 176 176 176 176 176 176 176 176 176 176 176 176 176 176 176 176 176 176 176 176 176 176 176 176 176 176 176 176 176 176 176 176 176 176 176 176 176 176 176 176 176 176 176 176 176 176 176 176 176 176 176 176 176 176 176 176 176 176 176 176 176 176 176 176 176 176 176 176 176 176 176 176 176 176 176 176 176 176 176 176 176 176 176 176 176 176 176 176 176 176 176 176 176 176 176 176 176 176 176 176 176 176 176 176 176 176 176 176 176 176 176 176 176 176 176 176 176 176 176 176 176 176 176 176 176 176 176 176 176 176 176 176 176 176 176 176 176 176 176 176 176 176 176 176 176 176 176 176 176 176 176 176 176 176 176 176 176 176 176 176 176 176 176 176 176 176 176 176 176 176 176 176 176 213 250 249 248 247 246 245 244 243 242 241 240 277 314 351 350 349 348 347 346 345 382 381
2: 601 601 601 601 601 601 601 601 601 601 601 601 601 601 601 601 601 601 601 601 601 601 601 601 601 601 601 601 601 601 601 601 601 601 601 601 601 601 601 601 601 601 601 601 601 601 601 601 601 601 601 601 601 601 601 601 601 601 601 601 601 601 601 601 601 601 601 601 601 601 601 601 601 601 601 601 601 601 601 601 601 601 601 601 601 601 601 601 601 601 601 601 601 601 601 601 601 601 601 601 601 601 601 601 601 601 601 601 601 601 601 601 601 601 601 601 601 601 601 601 601 601 601 601 601 601 601 601 601 601 601 601 601 601 601 601 601 601 601 601 601 601 601 601 601 601 601 601 601 601 601 601 601 601 601 601 601 601 601 601 601 601 601 601 601 601 601 601 601 601 601 601 601 601 601 601 601 601 601 601 601 601 601 601 601 601 601 601 601 601 601 601 601 601 601 601 601 601 601 601 601 601 601 601 601 601 601 601 601 601 601 601 601 601 601 601 601 601 601 601 601 601 601 601 601 601 601 601 601 601 601 601 601 601 601 601 601 601 601 601 601 601 601 601 601 601 601 601 601 601 601 601 601 601 601 601 601 601 601 601 601 601 601 601 601 601 601 601 601 601 601 601 601 601 601 601 601 601 601 601 601 601 601 601 601 601 601 601 601 601 601 601 601 601 601 601 601 601 601 601 601 601 601 601 601 601 601 601 601 601 601 601 601 601 601 601 601 601 601 601 601 601 601 601 601 601 601 601 601 601 601 601 601 601 601 601 601 601 601 601 601 601 601 601 601 601 601 601 601 601 601 601 601 601 601 601 601 601 601 601 601 601 601 601 601 601 601 601 601 601 601 601 601 601 601 601 601 601 601 601 601 601 601 601 601 601 601 601 601 601 601 601 601 601 601 601 601 601 601 601 601 601 601 601 601 601 601 601 601 601 601 601 601 601 601 601 601 601 601 601 601 601 601 601 601 601 601 601 601 601 601 601 601 601 601 601 601 601 601 601 601 601 601 601 601 601 601 601 601 601 601 601 601 601 601 601 601 601 601 601 601 601 601 601 601 601 601 601 601 601 601 601 601 601 601 601 601 601 601 601 601 601 601 601 601 601 601 601 601 601 601 601 601 601 601 601 601 601 601 601 601 601 601 601 601 601 601 601 601 601 601 601 601 601 601 601 601 601 601 601 601 601 601 601 601 601 601 601 601 601 601 601 601 601 601 601 601 601 601 601 601 601 601 601 601 601 601 601 601 601 601 601 601 601 601 601 601 601 601 601 601 601 601 601 601 601 601 601 601 601 601 601 601 601 601 601 601 601 601 601 601 601 601 601 601 601 601 601 601 601 601 601 601 601 601 601 601 601 601 601 601 601 601 601 601 601 601 601 601 601 601 601 601 601 601 601 601 601 601 601 601 601 601 601 601 601 601 601 601 601 601 601 601 601 601 601 601 601 601 601 601 601 601 601 601 601 601 601 601 601 601 601 601 601 601 601 601 601 601 601 601 601 601 601 601 601 601 601 601 601 601 601 601 601 601 601 601 601 601 601 601 601 601 601 601 601 601 601 601 601 601 601 601 601 601 601 601 601 601 601 601 601 601 601 601 601 601 601 601 601 601 601 601 601 601 601 601 601 601 601 601 601 601 601 601 601 601 601 601 601 601 601 601 601 601 601 601 601 601 601 601 601 601 601 601 601 601 601 601 601 601 601 601 601 601 601 601 601 601 601 601 601 601 601 601 601 601 601 601 601 601 601 601 601 601 601 601 601 601 601 601 601 601 601 601 601 601 601 601 601 601 601 601 601 601 601 601 601 601 601 601 601 601 601 601 601 601 601 601 601 601 601 601 601 601 601 601 601 601 601 601 601 601 601 601 601 601 601 601 601 601 601 601 601 601 601 601 601 601 601 601 601 601 601 601 601 601 601 601 601 601 601 601 601 601 601 601 601 601 601 601 601 601 601 601 601 601 601 601 601 601 601 601 601 601 601 601 601 601 601 601 601 601 601 601 601 601 601 601 601 601 601 601 601 601 601 601 601 601 601 601 601 601 601 601 601 601 601 601 601 601 601 601 601 601 601 601 601 601 601 601 601 601 601 601 601 601 601 601 601 601 601 601 601 601 601 601 601 601 601 601 601 601 601 601 601 601 601 601 601 601 601 601 601 601 601 601 601 601 601 601 601 601 601 601 601 601 601 601 601 601 601 601 601 601 601 601 601 601 601 601 601 601 601 601 601 601 601 601 601 601 601 601 601 601 601 601 601 601 601 601 601 601 601 601 601 601 601 601 601 601 601 601 601 601 601 601 601 601 601 601 601 601 601 601 601 601 601 601 601 601 601 601 601 601 601 601 601 601 601 601 601 601 601 601 601 601 601 601 601 601 601 601 601 601 601 601 601 601 601 601 601 601 601 601 601 601 601 601 601 601 601 601 601 601 601 601 601 601 601 601 601 601 601 601 601 601 601 601 601 601 601 601 601 601 601 601 601 601 601 601 601 601 601 601 601 601 601 601 601 601 601 601 601 601 601 601 601 601 601 601 601 601 601 601 601 601 601 601 601 601 601 601 601 601 601 601 601 601 601 601 601 601 601 601 601
3: 608 608 608 608 608 608 608 608 608 608 608 608 608 608 608 608 608 608 608 608 608 608 608 608 608 608 608 608 608 608 608 608 608 608 608 608 608 608 608 608 608 608 608 608 608 608 608 608 608 608 608 608 608 608 608 608 608 608 608 608 608 608 608 608 608 608 608 608 608 608 608 608 608 608 608 608 608 608 608 608 608 608 608 608 608 608 608 608 608 608 608 608 608 608 608 608 608 608 608 608 608 608 608 608 608 608 608 608 608 608 608 608 608 608 608 608 608 608 608 608 608 608 608 608 608 608 608 608 608 608 608 608 608 608 608 608 608 608 608 608 608 608 608 608 608 608 608 608 608 608 608 608 608 608 608 608 608 608 608 608 608 608 608 608 608 608 608 608 608 608 608 608 608 608 608 608 608 608 608 608 608 608 608 608 608 608 608 608 608 608 608 608 608 608 608 608 608 608 608 608 608 608 608 608 608 608 608 608 608 608 608 608 608 608 608 608 608 608 608 608 608 608 608 608 608 608 608 608 608 608 608 608 608 608 608 608 608 608 608 608 608 608 608 608 608 608 608 608 608 608 608 608 608 608 608 608 608 608 608 608 608 608 608 608 608 608 608 608 608 608 608 608 608 608 608 608 608 608 608 608 608 608 608 608 608 608 608 608 608 608 608 608 608 608 608 608 608 608 608 608 608 608 608 608 608 608 608 608 608 608 608 608 608 608 608 608 608 608 608 608 608 608 608 608 608 608 608 608 608 608 608 608 608 608 608 608 608 608 608 608 608 608 608 608 608 608 608 608 608 608 608 608 608 608 608 608 608 608 608 608 608 608 608 608 608 608 608 608 608 608 608 608 608 608 608 608 608 608 608 608 608 608 608 608 608 608 608 608 608 608 608 608 608 608 608 608 608 608 608 608 608 608 608 608 608 608 608 608 608 608 608 608 608 608 608 608 608 608 608 608 608 608 608 608 608 608 608 608 608 608 608 608 608 608 608 608 608 608 608 608 608 608 608 608 608 608 608 608 608 608 608 608 608 608 608 608 608 608 608 608 608 608 608 608 608 608 608 608 608 608 608 608 608 608 608 608 608 608 608 608 608 608 608 608 608 608 608 608 608 608 608 608 608 608 608 608 608 608 608 608 608 608 608 608 608 608 608 608 608 608 608 608 608 608 608 608 608 608 608 608 608 608 608 608 608 608 608 608 608 608 608 608 608 608 608 608 608 608 608 608 608 608 608 608 608 608 608 608 608 608 608 608 608 608 608 608 608 608 608 608 608 608 608 608 608 608 608 608 608 608 608 608 608 608 608 608 608 608 608 608 608 608 608 608 608 608 608 608 608 608 608 608 608 608 608 608 608 608 608 608 608 608 608 608 608 608 608 608 608 608 608 608 608 608 608 608 608 608 608 608 608 608 608 608 608 608 608 608 608 608 608 608 608 608 608 608 608 608 608 608 608 608 608 608 608 608 608 608 608 608 608 608 608 608 608 608 608 608 608 608 608 608 608 608 608 608 608 608 608 608 608 608 608 608 608 608 608 608 608 608 608 608 608 608 608 608 608 608 608 608 608 608 608 608 608 608 608 608 608 608 608 608 608 608 608 608 608 608 608 608 608 608 608 608 608 608 608 608 608 608 608 608 608 608 608 608 608 608 608 608 608 608 608 608 608 608 608 608 608 608 608 608 608 608 608 608 608 608 608 608 608 608 608 608 608 608 608 608 608 608 608 608 608 608 608 608 608 608 608 608 608 608 608 608 608 608 608 608 608 608 608 608 608 608 608 608 608 608 608 608 608 608 608 608 608 608 608 608 608 608 608 608 608 608 608 608 608 608 608 608 608 608 608 608 608 608 608 608 608 608 608 608 608 608 608 608 608 608 608 608 608 608 608 608 608 608 608 608 608 608 608 608 608 608 608 608 608 608 608 608 608 608 608 608 608 608 608 608 608 608 608 608 608 608 608 608 608 608 608 608 608 608 608 608 608 608 608 608 608 608 608 608 608 608 608 608 608 608 608 608 608 608 608 608 608 608 608 608 608 608 608 608 608 608 608 608 608 608 608 608 608 608 608 608 608 608 608 608 608 608 608 608 608 608 608 608 608 608 608 608 608 608 608 608 608 608 608 608 608 608 608 608 608 608 608 608 608 608 608 608 608 608 608 608 608 608 608 608 608 608 608 608 608 608 608 608 608 608 608 608 608 608 608 608 608 608 608 608 608 608 608 608 608 608 608 608 608 608 608 608 608 608 608 608 608 608 608 608 608 608 608 608 608 608 608 608 608 608 608 608 608 608 608 608 608 608 608 608 608 608 608 608 608 608 608 608 608 608 608 608 608 608 608 608 608 608 608 608 608 608 608 608 608 608 608 608 608 608 608 608 608 608 608 608 608 608 608 608 608 608 608 608 608 608 608 608 608 608 608 608 608 608 608 608 608 608 608 608 608 608 608 608 608 608 608 608 608 608 608 608 608 608 608 608 608 608 608 608 608 608 608 608 608 608 608 608 608 608 608 608 608 608 608 608 608 608 608 608 608 608 608 608 608 608 608 608 608 608 608 608 608 608 608 608 608 608 608 608 608 608 608 608 608 608 608 608
4: 379 379 379 379 379 379 379 379 379 379 379 379 379 379 379 379 379 379 379 379 379 379 379 379 379 379 379 379 379 379 379 379 379 379 379 379 379 379 379 379 379 379 379 379 379 379 379 379 379 379 379 379 379 379 379 379 379 379 379 379 379 379 379 379 379 379 379 379 379 379 379 379 379 379 379 379 379 379 379 379 379 379 379 379 379 379 379 379 379 379 379 379 379 379 379 379 379 379 379 379 379 379 379 379 379 379 379 379 379 379 379 379 379 379 379 379 379 379 379 379 379 379 379 379 379 379 379 379 379 379 379 379 379 379 379 379 379 379 379 379 379 379 379 379 379 379 379 379 379 379 379 379 379 379 379 379 379 379 379 379 379 379 379 379 379 379 379 379 379 379 379 379 379 379 379 379 379 379 379 379 379 379 379 379 379 379 379 379 379 379 379 379 379 379 379 379 379 379 379 379 379 379 379 379 379 379 379 379 379 379 379 379 379 379 379 379 379 379 379 379 379 379 379 379 379 379 379 379 379 379 379 379 379 379 379 379 379 379 379 379 379 379 379 379 379 379 379 379 379 379 379 379 379 379 379 379 379 379 379 379 379 379 379 379 379 379 379 379 379 379 379 379 379 379 379 379 379 379 379 379 379 379 379 379 379 379 379 379 379 379 379 379 379 379 379 379 379 379 379 379 379 379 379 379 379 379 379 379 379 379 379 379 379 379 379 379 379 379 379 379 379 379 379 379 379 379 379 379 379 379 379 379 379 379 379 379 379 379 379 379 379 379 379 379 379 379 379 379 379 379 379 379 379 379 379 379 379 379 379 379 379 379 379 379 379 379 379 379 379 379 379 379 379 379 379 379 379 379 379 379 379 379 379 379 379 379 379 379 379 379 379 379 379 379 379 379 379 379 379 379 379 379 379 379 379 379 379 379 379 379 379 379 379 379 379 379 379 379 379 379 379 379 379 379 379 379 379 379 379 379 379 379 379 379 379 379 379 379 379 379 379 379 379 379 379 379 379 379 379 379 379 379 379 379 379 379 379 379 379 379 379 379 379 379 379 379 379 379 379 379 379 379 379 379 379 379 379 379 379 379 379 379 379 379 379 379 379 379 379 379 379 379 379 379 379 379 379 379 379 379 379 379 379 379 379 379 379 379 379 379 379 379 379 379 379 379 379 379 379 379 379 379 379 379 379 379 379 379 379 379 379 379 379 379 379 379 379 379 379 379 379 379 379 379 379 379 379 379 379 379 379 379 379 379 379 379 379 379 379 379 379 379 379 379 379 379 379 379 379 379 379 379 379 379 379 379 379 379 379 379 379 379 379 379 379 379 379 379 379 379 379 379 379 379 379 379 379 379 379 379 379 379 379 379 379 379 379 379 379 379 379 379 379 379 379 379 379 379 379 379 379 379 379 379 379 379 379 379 379 379 379 379 379 379 379 379 379 379 379 379 379 379 379 379 379 379 379 379 379 379 379 379 379 379 379 379 379 379 379 379 379 379 379 379 379 379 379 379 379 379 379 379 379 379 379 379 379 379 379 379 379 379 379 379 379 379 379 379 379 379 379 379 379 379 379 379 379 379 379 379 379 379 379 379 379 379 379 379 379 379 379 379 379 379 379 379 379 379 379 379 379 379 379 379 379 379 379 379 379 379 379 379 379 379 379 379 379 379 379 379 379 379 379 379 379 379 379 379 379 379 379 379 379 379 379 379 379 379 379 379 379 379 379 379 379 379 379 379 379 379 379 379 379 379 379 379 379 379 379 379 379 379 379 379 379 379 379 379 379 379 379 379 379 379 379 379 379 379 379 379 379 379 379 379 379 379 379 379 379 379 379 379 379 379 379 379 379 379 379 379 379 379 379 379 379 379 379 379 379 379 379 379 379 379 379 379 379 379 379 379 379 379 379 379 379 379 379 379 379 379 379 379 379 379 379 379 379 379 379 379 379 379 379 379 379 379 379 379 379 379 379 379 379 379 379 379 379 379 379 379 379 379 379 379 379 379 379 379 379 379 379 379 379 379 379 379 379 379 379 379 379 379 379 379 379 379 379 379 379 379 379 379 379 379 379 379 379 379 379 379 379 379 379 379 379 379 379 379 379 379 379 379 379 379 379 379 379 379 379 379 379 379 379 379 379 379 379 379 379 379 379 379 379 379 379 379 379 379 379 379 379 379 379 379 379 379 379 379 379 379 379 379 379 379 379 379 379 379 379 379 379 379 379 379 379 379 379 379 379 379 379 379 379 379 379 379 379 379 379 379 379 379 379 379 379 379 379 379 379 379 379 379 379 379 379 379 379 379 379 379 379 379 379 379 379 379 379 379 379 379 379 379 379 379 379 379 379 379 379 379 379 379 379 379 379 379 379 379 379 379 379 379 379 379 379 379 379 379 379 379 379 379 379 379 379 379 379 379 379 379 379 379 379 379 379 379 379 379 379 379 379 379 379 379 379 379 379 379 379 379 379 379 379 379 379 379 379 379 379 379 379 379 379 379 379 379 379 379 379 379 379 379 379 379 379 379 379 379 379 379 379 379 379 379 379 379 379 379 379 379 379 379 379 379 379 379 379 379 379 379 379 379 379 379 379 379
5: 530 530 530 530 530 530 530 530 530 530 530 530 530 530 530 530 530 530 530 530 530 530 530 530 530 530 530 530 530 530 530 530 530 530 530 530 530 530 530 530 530 530 530 530 530 530 530 530 530 530 530 530 530 530 530 530 530 530 530 530 530 530 530 530 530 530 530 530 530 530 530 530 530 530 530 530 530 530 530 530 530 530 530 530 530 530 530 530 530 530 530 530 530 530 530 530 530 530 530 530 530 530 530 530 530 530 530 530 530 530 530 530 530 530 530 530 530 530 530 530 530 530 530 530 530 530 530 530 530 530 530 530 530 530 530 530 530 530 530 530 530 530 530 530 530 530 530 530 530 530 530 530 530 530 530 530 530 530 530 530 530 530 530 530 530 530 530 530 530 530 530 530 530 530 530 530 530 530 530 530 530 530 530 530 530 530 530 530 530 530 530 530 530 530 530 530 530 530 530 530 530 530 530 530 530 530 530 530 530 530 530 530 530 530 530 530 530 530 530 530 530 530 530 530 530 530 530 530 530 530 530 530 530 530 530 530 530 530 530 530 530 530 530 530 530 530 530 530 530 530 530 530 530 530 530 530 530 530 530 530 530 530 530 530 530 530 530 530 530 530 530 530 530 530 530 530 530 530 530 530 530 530 530 530 530 530 530 530 530 530 530 530 530 530 530 530 530 530 530 530 530 530 530 530 530 530 530 530 530 530 530 530 530 530 530 530 530 530 530 530 530 530 530 530 530 530 530 530 530 530 530 530 530 530 530 530 530 530 530 530 530 530 530 530 530 530 530 530 530 530 530 530 530 530 530 530 530 530 530 530 530 530 530 530 530 530 530 530 530 530 530 530 530 530 530 530 530 530 530 530 530 530 530 530 530 530 530 530 530 530 530 530 530 530 530 530 530 530 530 530 530 530 530 530 530 530 530 530 530 530 530 530 530 530 530 530 530 530 530 530 530 530 530 530 530 530 530 530 530 530 530 530 530 530 530 530 530 530 530 530 530 530 530 530 530 530 530 530 530 530 530 530 530 530 530 530 530 530 530 530 530 530 530 530 530 530 530 530 530 530 530 530 530 530 530 530 530 530 530 530 530 530 530 530 530 530 530 530 530 530 530 530 530 530 530 530 530 530 530 530 530 530 530 530 530 530 530 530 530 530 530 530 530 530 530 530 530 530 530 530 530 530 530 530 530 530 530 530 530 530 530 530 530 530 530 530 530 530 530 530 530 530 530 530 530 530 530 530 530 530 530 530 530 530 530 530 530 530 530 530 530 530 530 530 530 530 530 530 530 530 530 530 530 530 530 530 530 530 530 530 530 530 530 530 530 530 530 530 530 530 530 530 530 530 530 530 530 530 530 530 530 530 530 530 530 530 530 530 530 530 530 530 530 530 530 530 530 530 530 530 530 530 530 530 530 530 530 530 530 530 530 530 530 530 530 530 530 530 530 530 530 530 530 530 530 530 530 530 530 530 530 530 530 530 530 530 530 530 530 530 530 530 530 530 530 530 530 530 530 530 530 530 530 530 530 530 530 530 530 530 530 530 530 530 530 530 530 530 530 530 530 530 530 530 530 530 530 530 530 530 530 530 530 530 530 530 530 530 530 530 530 530 530 530 530 530 530 530 530 530 530 530 530 530 530 530 530 530 530 530 530 530 530 530 530 530 530 530 530 530 530 530 530 530 530 530 530 530 530 530 530 530 530 530 530 530 530 530 530 530 530 530 530 530 530 530 530 530 530 530 530 530 530 530 530 530 530 530 530 530 530 530 530 530 530 530 530 530 530 530 530 530 530 530 530 530 530 530 530 530 530 530 530 530 530 530 530 530 530 530 530 530 530 530 530 530 530 530 530 530 530 530 530 530 530 530 530 530 530 530 530 530 530 530 530 530 530 530 530 530 530 530 530 530 530 530 530 530 530 530 530 530 530 530 530 530 530 530 530 530 530 530 530 530 530 530 530 530 530 530 530 530 530 530 530 530 530 530 530 530 530 530 530 530 530 530 530 530 530 530 530 530 530 530 530 530 530 530 530 530 530 530 530 530 530 530 530 530 530 530 530 530 530 530 530 530 530 530 530 530 530 530 530 530 530 530 530 530 530 530 530 530 530 530 530 530 530 530 530 530 530 530 530 530 530 530 530 530 530 530 530 530 530 530 530 530 530 530 530 530 530 530 530 530 530 530 530 530 530 530 530 530 530 530 530 530 530 530 530 530 530 530 530 530 530 530 530 530 530 530 530 530 530 530 530 530 530 530 530 530 530 530 530 530 530 530 530 530 530 530 530 530 530 530 530 530 530 530 530 530 530 530 530 530 530 530 530 530 530 530 530 530 530 530 530 530 530 530 530 530 530 530 530 530 530 530 530 530 530 530 530 530 530 530 530 530 530 530 530 530 530 530 530 530 530 530 530 530 530 530 530 530 530 530 530 530 530 530 530 530 530 530 530 530 530 530 530 530 530 530 530 530 530 530 530 530 530 530 530 530 530 530 530 530 530 530 530 530 530 530 530 530 530 530 530 530 530 530 530 530 530 530 530 530 530 530 530 530 530 530 530 530 530 530 530 530 530 530 530 530 530 530 530 530 530 530
6: 762 762 762 762 762 762 762 762 762 762 762 762 762 762 762 762 762 762 762 762 762 762 762 762 762 762 762 762 762 762 762 762 762 762 762 762 762 762 762 762 762 762 762 762 762 762 762 762 762 762 762 762 762 762 762 762 762 762 762 762 762 762 762 762 762 762 762 762 762 762 762 762 762 762 762 762 762 762 762 762 762 762 762 762 762 762 762 762 762 762 762 762 762 762 762 762 762 762 762 762 762 762 762 762 762 762 762 762 762 762 762 762 762 762 762 762 762 762 762 762 762 762 762 762 762 762 762 762 762 762 762 762 762 762 762 762 762 762 762 762 762 762 762 762 762 762 762 762 762 762 762 762 762 762 762 762 762 762 762 762 762 762 762 762 762 762 762 762 762 762 762 762 762 762 762 762 762 762 762 762 762 762 762 762 762 762 762 762 762 762 762 762 762 762 762 762 762 762 762 762 762 762 762 762 762 762 762 762 762 762 762 762 762 762 762 762 762 762 762 762 762 762 762 762 762 762 762 762 762 762 762 762 762 762 762 762 762 762 762 762 762 762 762 762 762 762 762 762 762 762 762 762 762 762 762 762 762 762 762 762 762 762 762 762 762 762 762 762 762 762 762 762 762 762 762 762 762 762 762 762 762 762 762 762 762 762 762 762 762 762 762 762 762 762 762 762 762 762 762 762 762 762 762 762 762 762 762 762 762 762 762 762 762 762 762 762 762 762 762 762 762 762 762 762 762 762 762 762 762 762 762 762 762 762 762 762 762 762 762 762 762 762 762 762 762 762 762 762 762 762 762 762 762 762 762 762 762 762 762 762 762 762 762 762 762 762 762 762 762 762 762 762 762 762 762 762 762 762 762 762 762 762 762 762 762 762 762 762 762 762 762 762 762 762 762 762 762 762 762 762 762 762 762 762 762 762 762 762 762 762 762 762 762 762 762 762 762 762 762 762 762 762 762 762 762 762 762 762 762 762 762 762 762 762 762 762 762 762 762 762 762 762 762 762 762 762 762 762 762 762 762 762 762 762 762 762 762 762 762 762 762 762 762 762 762 762 762 762 762 762 762 762 762 762 762 762 762 762 762 762 762 762 762 762 762 762 762 762 762 762 762 762 762 762 762 762 762 762 762 762 762 762 762 762 762 762 762 762 762 762 762 762 762 762 762 762 762 762 762 762 762 762 762 762 762 762 762 762 762 762 762 762 762 762 762 762 762 762 762 762 762 762 762 762 762 762 762 762 762 762 762 762 762 762 762 762 762 762 762 762 762 762 762 762 762 762 762 762 762 762 762 762 762 762 762 762 762 762 762 762 762 762 762 762 762 762 762 762 762 762 762 762 762 762 762 762 762 762 762 762 762 762 762 762 762 762 762 762 762 762 762 762 762 762 762 762 762 762 762 762 762 762 762 762 762 762 762 762 762 762 762 762 762 762 762 762 762 762 762 762 762 762 762 762 762 762 762 762 762 762 762 762 762 762 762 762 762 762 762 762 762 762 762 762 762 762 762 762 762 762 762 762 762 762 762 762 762 762 762 762 762 762 762 762 762 762 762 762 762 762 762 762 762 762 762 762 762 762 762 762 762 762 762 762 762 762 762 762 762 762 762 762 762 762 762 762 762 762 762 762 762 762 762 762 762 762 762 762 762 762 762 762 762 762 762 762 762 762 762 762 762 762 762 762 762 762 762 762 762 762 762 762 762 762 762 762 762 762 762 762 762 762 762 762 762 762 762 762 762 762 762 762 762 762 762 762 762 762 762 762 762 762 762 762 762 762 762 762 762 762 762 762 762 762 762 762 762 762 762 762 762 762 762 762 762 762 762 762 762 762 762 762 762 762 762 762 762 762 762 762 762 762 762 762 762 762 762 762 762 762 762 762 762 762 762 762 762 762 762 762 762 762 762 762 762 762 762 762 762 762 762 762 762 762 762 762 762 762 762 762 762 762 762 762 762 762 762 762 762 762 762 762 762 762 762 762 762 762 762 762 762 762 762 762 762 762 762 762 762 762 762 762 762 762 762 762 762 762 762 762 762 762 762 762 762 762 762 762 762 762 762 762 762 762 762 762 762 762 762 762 762 762 762 762 762 762 762 762 762 762 762 762 762 762 762 762 762 762 762 762 762 762 762 762 762 762 762 762 762 762 762 762 762 762 762 762 762 762 762 762 762 762 762 762 762 762 762 762 762 762 762 762 762 762 762 762 762 762 762 762 762 762 762 762 762 762 762 762 762 762 762 762 762 762 762 762 762 762 762 762 762 762 762 762 762 762 762 762 762 762 762 762 762 762 762 762 762 762 762 762 762 762 762 762 762 762 762 762 762 762 762 762 762 762 762 762 762 762 762 762 762 762 762 762 762 762 762 762 762 762 762 762 762 762 762 762 762 762 762 762 762 762 762 762 762 762 762 762 762 762 762 762 762 762 762 762 762 762 762 762 762 762 762 762 762 762 762 762 762 762 762 762 762 762 762 762 762 762 762 762 762 762 762 762 762 762 762 762 762 762 762 762 762 762 762 762 762 762 762 762 762 762 762 762 762 762 762 762 762 762 762 762 762 762 762 762 762 762 762 762 762 762 762 762 762 762
7: 142 142 142 142 142 142 142 142 142 142 142 142 142 142 142 142 142 142 142 142 142 142 142 142 142 142 142 142 142 142 142 142 142 142 142 142 142 142 142 142 142 142 142 142 142 142 142 142 142 142 142 142 142 142 142 142 142 142 142 142 142 142 142 142 142 142 142 142 142 142 142 142 142 142 142 142 142 142 142 142 142 142 142 142 142 142 142 142 142 142 142 142 142 142 142 142 142 142 142 142 142 142 142 142 142 142 142 142 142 142 142 142 142 142 142 142 142 142 142 142 142 142 142 142 142 142 142 142 142 142 142 142 142 142 142 142 142 142 142 142 142 142 142 142 142 142 142 142 142 142 142 142 142 142 142 142 142 142 142 142 142 142 142 142 142 142 142 142 142 142 142 142 142 142 142 142 142 142 142 142 142 142 142 142 142 142 142 142 142 142 142 142 142 142 142 142 142 142 142 142 142 142 142 142 142 142 142 142 142 142 142 142 142 142 142 142 142 142 142 142 142 142 142 142 142 142 142 142 142 142 142 142 142 142 142 142 142 142 142 142 142 142 142 142 142 142 142 142 142 142 142 142 142 142 142 142 142 142 142 142 142 142 142 142 142 142 142 142 142 142 142 142 142 142 142 142 142 142 142 142 142 142 142 142 142 142 142 142 142 142 142 142 142 142 142 142 142 142 142 142 142 142 142 142 142 142 142 142 142 142 142 142 142 142 142 142 142 142 142 142 142 142 142 142 142 142 142 142 142 142 142 142 142 142 142 142 142 142 142 142 142 142 142 142 142 142 142 142 142 142 142 142 142 142 142 142 142 142 142 142 142 142 142 142 142 142 142 142 142 142 142 142 142 142 142 142 142 142 142 142 142 142 142 142 142 142 142 142 142 142 142 142 142 142 142 142 142 142 142 142 142 142 142 142 142 142 142 142 142 142 142 142 142 142 142 142 142 142 142 142 142 142 142 142 142 142 142 142 142 142 142 142 142 142 142 142 142 142 142 142 142 142 142 142 142 142 142 142 142 142 142 142 142 142 142 142 142 142 142 142 142 142 142 142 142 142 142 142 142 142 142 142 142 142 142 142 142 142 142 142 142 142 142 142 142 142 142 142 142 142 142 142 142 142 142 142 142 142 142 142 142 142 142 142 142 142 142 142 142 142 142 142 142 142 142 142 142 142 142 142 142 142 142 142 142 142 142 142 142 142 142 142 142 142 142 142 142 142 142 142 142 142 142 142 142 142 142 142 142 142 142 142 142 142 142 142 142 142 142 142 142 142 142 142 142 142 142 142 142 142 142 142 142 142 142 142 142 142 142 142 142 142 142 142 142 142 142 142 142 142 142 142 142 142 142 142 142 142 142 142 142 142 142 142 142 142 142 142 142 142 142 142 142 142 142 142 142 142 142 142 142 142 142 142 142 142 142 142 142 142 142 142 142 142 142 142 142 142 142 142 142 142 142 142 142 142 142 142 142 142 142 142 142 142 142 142 142 142 142 142 142 142 142 142 142 142 142 142 142 142 142 142 142 142 142 142 142 142 142 142 142 142 142 142 142 142 142 142 142 142 142 142 142 142 142 142 142 142 142 142 142 142 142 142 142 142 142 142 142 142 142 142 142 142 142 142 142 142 142 142 142 142 142 142 142 142 142 142 142 142 142 142 142 142 142 142 142 142 142 142 142 142 142 142 142 142 142 142 142 142 142 142 142 142 142 142 142 142 142 142 142 142 142 142 142 142 142 142 142 142 142 142 142 142 142 142 142 142 142 142 142 142 142 142 142 142 142 142 142 142 142 142 142 142 142 142 142 142 142 142 142 142 142 142 142 142 142 142 142 142 142 142 142 142 142 142 142 142 142 142 142 142 142 142 142 142 142 142 142 142 142 142 142 142 142 142 142 142 142 142 142 142 142 142 142 142 142 142 142 142 142 142 142 142 142 142 142 142 142 142 142 142 142 142 142 142 142 142 142 142 142 142 142 142 142 142 142 142 142 142 142 142 142 142 142 142 142 142 142 142 142 142 142 142 142 142 142 142 142 142 142 142 142 142 142 142 142 142 142 142 142 142 142 142 142 142 142 142 142 142 142 142 142 142 142 142 142 142 142 142 142 142 142 142 142 142 142 142 142 142 142 142 142 142 142 142 142 142 142 142 142 142 142 142 142 142 142 142 142 142 142 142 142 142 142 142 142 142 142 142 142 142 142 142 142 142 142 142 142 142 142 142 142 142 142 142 142 142 142 142 142 142 142 142 142 142 142 142 142 142 142 142 142 142 142 142 142 142 142 142 142 142 142 142 142 142 142 142 142 142 142 142 142 142 142 142 142 142 142 142 142 142 142 142 142 142 142 142 142 142 142 142 142 142 142 142 142 142 142 142 142 142 142 142 142 142 142 142 142 142 142 142 142 142 142 142 142 142 142 142 142 142 142 142 142 142 142 142 142 142 142 142 142 142 142 142 142 142 142 142 142 142 142 142 142 142 142 142 142 142 142 142 142 142 142 142 142 142 142 142 142 142 142 142 142 142 142 142 142 142 142 142 142 142 142 142 142 142 142 142 142 142 142 142 142 142 142 142 142 142 142 142 142 142 142 142
8: 375 375 375 375 375 375 375 375 375 375 375 375 375 375 375 375 375 375 375 375 375 375 375 375 375 375 375 375 375 375 375 375 375 375 375 375 375 375 375 375 375 375 375 375 375 375 375 375 375 375 375 375 375 375 375 375 375 375 375 375 375 375 375 375 375 375 375 375 375 375 375 375 375 375 375 375 375 375 375 375 375 375 375 375 375 375 375 375 375 375 375 375 375 375 375 375 375 375 375 375 375 375 375 375 375 375 375 375 375 375 375 375 375 375 375 375 375 375 375 375 375 375 375 375 375 375 375 375 375 375 375 375 375 375 375 375 375 375 375 375 375 375 375 375 375 375 375 375 375 375 375 375 375 375 375 375 375 375 375 375 375 375 375 375 375 375 375 375 375 375 375 375 375 375 375 375 375 375 375 375 375 375 375 375 375 375 375 375 375 375 375 375 375 375 375 375 375 375 375 375 375 375 375 375 375 375 375 375 375 375 375 375 375 375 375 375 375 375 375 375 375 375 375 375 375 375 375 375 375 375 375 375 375 375 375 375 375 375 375 375 375 375 375 375 375 375 375 375 375 375 375 375 375 375 375 375 375 375 375 375 375 375 375 375 375 375 375 375 375 375 375 375 375 375 375 375 375 375 375 375 375 375 375 375 375 375 375 375 375 375 375 375 375 375 375 375 375 375 375 375 375 375 375 375 375 375 375 375 375 375 375 375 375 375 375 375 375 375 375 375 375 375 375 375 375 375 375 375 375 375 375 375 375 375 375 375 375 375 375 375 375 375 375 375 375 375 375 375 375 375 375 375 375 375 375 375 375 375 375 375 375 375 375 375 375 375 375 375 375 375 375 375 375 375 375 375 375 375 375 375 375 375 375 375 375 375 375 375 375 375 375 375 375 375 375 375 375 375 375 375 375 375 375 375 375 375 375 375 375 375 375 375 375 375 375 375 375 375 375 375 375 375 375 375 375 375 375 375 375 375 375 375 375 375 375 375 375 375 375 375 375 375 375 375 375 375 375 375 375 375 375 375 375 375 375 375 375 375 375 375 375 375 375 375 375 375 375 375 375 375 375 375 375 375 375 375 375 375 375 375 375 375 375 375 375 375 375 375 375 375 375 375 375 375 375 375 375 375 375 375 375 375 375 375 375 375 375 375 375 375 375 375 375 375 375 375 375 375 375 375 375 375 375 375 375 375 375 375 375 375 375 375 375 375 375 375 375 375 375 375 375 375 375 375 375 375 375 375 375 375 375 375 375 375 375 375 375 375 375 375 375 375 375 375 375 375 375 375 375 375 375 375 375 375 375 375 375 375 375 375 375 375 375 375 375 375 375 375 375 375 375 375 375 375 375 375 375 375 375 375 375 375 375 375 375 375 375 375 375 375 375 375 375 375 375 375 375 375 375 375 375 375 375 375 375 375 375 375 375 375 375 375 375 375 375 375 375 375 375 375 375 375 375 375 375 375 375 375 375 375 375 375 375 375 375 375 375 375 375 375 375 375 375 375 375 375 375 375 375 375 375 375 375 375 375 375 375 375 375 375 375 375 375 375 375 375 375 375 375 375 375 375 375 375 375 375 375 375 375 375 375 375 375 375 375 375 375 375 375 375 375 375 375 375 375 375 375 375 375 375 375 375 375 375 375 375 375 375 375 375 375 375 375 375 375 375 375 375 375 375 375 375 375 375 375 375 375 375 375 375 375 375 375 375 375 375 375 375 375 375 375 375 375 375 375 375 375 375 375 375 375 375 375 375 375 375 375 375 375 375 375 375 375 375 375 375 375 375 375 375 375 375 375 375 375 375 375 375 375 375 375 375 375 375 375 375 375 375 375 375 375 375 375 375 375 375 375 375 375 375 375 375 375 375 375 375 375 375 375 375 375 375 375 375 375 375 375 375 375 375 375 375 375 375 375 375 375 375 375 375 375 375 375 375 375 375 375 375 375 375 375 375 375 375 375 375 375 375 375 375 375 375 375 375 375 375 375 375 375 375 375 375 375 375 375 375 375 375 375 375 375 375 375 375 375 375 375 375 375 375 375 375 375 375 375 375 375 375 375 375 375 375 375 375 375 375 375 375 375 375 375 375 375 375 375 375 375 375 375 375 375 375 375 375 375 375 375 375 375 375 375 375 375 375 375 375 375 375 375 375 375 375 375 375 375 375 375 375 375 375 375 375 375 375 375 375 375 375 375 375 375 375 375 375 375 375 375 375 375 375 375 375 375 375 375 375 375 375 375 375 375 375 375 375 375 375 375 375 375 375 375 375 375 375 375 375 375 375 375 375 375 375 375 375 375 375 375 375 375 375 375 375 375 375 375 375 375 375 375 375 375 375 375 375 375 375 375 375 375 375 375 375 375 375 375 375 375 375 375 375 375 375 375 375 375 375 375 375 375 375 375 375 375 375 375 375 375 375 375 375 375 375 375 375 375 375 375 375 375 375 375 375 375 375 375 375 375 375 375 375 375 375 375 375 375 375 375 375 375 375 375 375 375 375 375 375 375 375 375 375 375 375 375 375 375 375 375 375 375 375 375 375 375 375 375 375 375 375 375 375 375 375 375 375 375 375 375 375 375 375 375 375 375 375 375 375
9: 383 383 383 383 383 383 383 383 383 383 383 383 383 383 383 383 383 383 383 383 383 383 383 383 383 383 383 383 383 383 383 383 383 383 383 383 383 383 383 383 383 383 383 383 383 383 383 383 383 383 383 383 383 383 383 383 383 383 383 383 383 383 383 383 383 383 383 383 383 383 383 383 383 383 383 383 383 383 383 383 383 383 383 383 383 383 383 383 383 383 383 383 383 383 383 383 383 383 383 383 383 383 383 383 383 383 383 383 383 383 383 383 383 383 383 383 383 383 383 383 383 383 383 383 383 383 383 383 383 383 383 383 383 383 383 383 383 383 383 383 383 383 383 383 383 383 383 383 383 383 383 383 383 383 383 383 383 383 383 383 383 383 383 383 383 383 383 383 383 383 383 383 383 383 383 383 383 383 383 383 383 383 383 383 383 383 383 383 383 383 383 383 383 383 383 383 383 383 383 383 383 383 383 383 383 383 383 383 383 383 383 383 383 383 383 383 383 383 383 383 383 383 383 383 383 383 383 383 383 383 383 383 383 383 383 383 383 383 383 383 383 383 383 383 383 383 383 383 383 383 383 383 383 383 383 383 383 383 383 383 383 383 383 383 383 383 383 383 383 383 383 383 383 383 383 383 383 383 383 383 383 383 383 383 383 383 383 383 383 383 383 383 383 383 383 383 383 383 383 383 383 383 383 383 383 383 383 383 383 383 383 383 383 383 383 383 383 383 383 383 383 383 383 383 383 383 383 383 383 383 383 383 383 383 383 383 383 383 383 383 383 383 383 383 383 383 383 383 383 383 383 383 383 383 383 383 383 383 383 383 383 383 383 383 383 383 383 383 383 383 383 383 383 383 383 383 383 383 383 383 383 383 383 383 383 383 383 383 383 383 383 383 383 383 383 383 383 383 383 383 383 383 383 383 383 383 383 383 383 383 383 383 383 383 383 383 383 383 383 383 383 383 383 383 383 383 383 383 383 383 383 383 383 383 383 383 383 383 383 383 383 383 383 383 383 383 383 383 383 383 383 383 383 383 383 383 383 383 383 383 383 383 383 383 383 383 383 383 383 383 383 383 383 383 383 383 383 383 383 383 383 383 383 383 383 383 383 383 383 383 383 383 383 383 383 383 383 383 383 383 383 383 383 383 383 383 383 383 383 383 383 383 383 383 383 383 383 383 383 383 383 383 383 383 383 383 383 383 383 383 383 383 383 383 383 383 383 383 383 383 383 383 383 383 383 383 383 383 383 383 383 383 383 383 383 383 383 383 383 383 383 383 383 383 383 383 383 383 383 383 383 383 383 383 383 383 383 383 383 383 383 383 383 383 383 383 383 383 383 383 383 383 383 383 383 383 383 383 383 383 383 383 383 383 383 383 383 383 383 383 383 383 383 383 383 383 383 383 383 383 383 383 383 383 383 383 383 383 383 383 383 383 383 383 383 383 383 383 383 383 383 383 383 383 383 383 383 383 383 383 383 383 383 383 383 383 383 383 383 383 383 383 383 383 383 383 383 383 383 383 383 383 383 383 383 383 383 383 383 383 383 383 383 383 383 383 383 383 383 383 383 383 383 383 383 383 383 383 383 383 383 383 383 383 383 383 383 383 383 383 383 383 383 383 383 383 383 383 383 383 383 383 383 383 383 383 383 383 383 383 383 383 383 383 383 383 383 383 383 383 383 383 383 383 383 383 383 383 383 383 383 383 383 383 383 383 383 383 383 383 383 383 383 383 383 383 383 383 383 383 383 383 383 383 383 383 383 383 383 383 383 383 383 383 383 383 383 383 383 383 383 383 383 383 383 383 383 383 383 383 383 383 383 383 383 383 383 383 383 383 383 383 383 383 383 383 383 383 383 383 383 383 383 383 383 383 383 383 383 383 383 383 383 383 383 383 383 383 383 383 383 383 383 383 383 383 383 383 383 383 383 383 383 383 383 383 383 383 383 383 383 383 383 383 383 383 383 383 383 383 383 383 383 383 383 383 383 383 383 383 383 383 383 383 383 383 383 383 383 383 383 383 383 383 383 383 383 383 383 383 383 383 383 383 383 383 383 383 383 383 383 383 383 383 383 383 383 383 383 383 383 383 383 383 383 383 383 383 383 383 383 383 383 383 383 383 383 383 383 383 383 383 383 383 383 383 383 383 383 383 383 383 383 383 383 383 383 383 383 383 383 383 383 383 383 383 383 383 383 383 383 383 383 383 383 383 383 383 383 383 383 383 383 383 383 383 383 383 383 383 383 383 383 383 383 383 383 383 383 383 383 383 383 383 383 383 383 383 383 383 383 383 383 383 383 383 383 383 383 383 383 383 383 383 383 383 383 383 383 383 383 383 383 383 383 383 383 383 383 383 383 383 383 383 383 383 383 383 383 383 383 383 383 383 383 383 383 383 383 383 383 383 383 383 383 383 383 383 383 383 383 383 383 383 383 383 383 383 383 383 383 383 383 383 383 383 383 383 383 383 383 383 383 383 383 383 383 383 383 383 383 383 383 383 383 383 383 383 383 383 383 383 383 383 383 383 383 383 383 383 383 383 383 383 383 383 383 383 383 383 383 383 383 383 383 383 383 383 383 383 383 383 383 383 383 383

# Tasks (task_id release_time pickup_loc delivery_loc agent completion_time)
0 0 613 632 4 510
1 0 376 594 4 110
2 0 609 319 9 65
3 0 378 446 8 499
4 0 465 608 9 436
5 0 77 238 5 118
6 0 669 167 6 147
7 0 339 321 0 469
8 0 98 558 1 783
9 0 309 594 1 591
10 0 91 247 8 137
11 0 397 446 6 431
12 0 174 759 4 441
13 0 239 543 2 318
14 0 618 605 8 101
15 0 619 289 6 530
16 0 290 437 1 348
17 0 84 659 4 911
18 0 612 470 0 536
19 0 375 315 4 573
20 0 487 770 9 126
21 0 460 104 1 481
22 0 162 762 3 57
23 0 463 767 0 370
24 0 318 674 2 63
25 0 398 600 6 320
26 0 172 413 2 374
27 0 601 144 7 252
28 0 380 250 0 69
29 0 80 396 4 196
30 0 686 381 2 282
31 0 468 324 6 463
32 0 161 542 5 144
33 0 151 537 2 28
34 0 609 83 2 100
35 0 526 241 5 285
36 0 382 169 5 181
37 0 437 107 8 159
38 0 615 413 7 468
39 0 635 541 6 30
40 0 324 413 4 99
41 0 395 243 3 234
42 0 467 387 7 154
43 0 620 618 2 139
44 0 376 757 2 396
45 0 394 324 4 74
46 0 757 384 2 411
47 0 526 631 9 361
48 0 82 602 4 386
49 0 484 597 6 6
50 0 440 446 0 810
51 0 605 239 8 119
52 0 771 447 9 163
53 0 609 181 8 223
54 0 446 750 4 274
55 0 532 91 7 185
56 0 378 375 4 633
57 0 675 688 3 161
58 0 542 315 5 157
59 0 515 671 7 36
60 0 748 613 0 521
61 0 367 190 4 34
62 0 308 535 1 384
63 0 397 145 6 207
64 0 620 541 9 757
65 0 524 167 1 206
66 0 539 548 2 333
67 0 763 682 2 519
68 0 708 681 7 48
69 0 398 97 2 666
70 0 88 304 3 201
71 0 512 165 1 77
72 0 734 683 8 1023
73 0 680 662 6 85
74 0 689 615 4 489
75 0 165 753 1 99
76 0 693 104 3 755
77 0 689 378 4 630
78 0 528 615 7 445
79 0 537 317 2 38
80 0 771 463 3 644
81 0 144 672 7 294
82 0 264 87 7 409
83 0 458 452 5 86
84 0 697 104 9 1036
85 0 484 452 9 350
86 0 753 453 1 117
87 0 235 452 5 264
88 0 762 544 3 75
89 0 100 93 2 552
90 0 330 472 3 11
91 0 699 315 0 402
92 0 680 674 3 147
93 0 537 600 1 401
94 0 321 672 0 498
95 0 215 463 5 730
96 0 659 85 0 314
97 0 605 246 9 464
98 0 679 674 4 346
99 0 543 541 2 320
100 0 681 545 7 64
101 0 635 154 4 362
102 0 600 231 6 335
103 0 99 487 0 883
104 0 662 671 6 115
105 0 305 236 2 299
106 0 693 410 9 656
107 0 308 545 3 294
108 0 450 85 0 437
109 0 685 89 9 311
110 0 437 163 5 323
111 0 176 512 8 647
112 0 410 659 0 280
113 0 768 612 2 956
114 0 527 188 1 135
115 0 530 541 7 144
116 0 261 230 8 51
117 0 93 157 2 564
118 0 603 385 7 377
119 0 174 304 8 489
120 0 293 619 8 735
121 0 215 607 1 27
122 0 688 458 5 358
123 0 764 456 5 78
124 0 604 246 8 585
125 0 632 386 4 532
126 0 662 384 3 125
127 0 172 381 9 489
128 0 452 188 5 98
129 0 98 616 3 959
130 0 693 144 1 855
131 0 552 680 6 65
132 0 322 662 5 212
133 0 96 398 6 292
134 0 604 454 1 422
135 0 167 97 6 155
136 0 762 542 9 208
137 0 97 534 6 174
138 0 612 477 2 975
139 0 315 384 5 164
140 0 771 601 5 1006
141 0 477 609 8 195
142 0 83 585 2 134
143 0 612 688 3 967
144 0 756 116 3 525
145 0 752 764 2 508
146 0 232 672 8 375
147 0 524 757 3 454
148 0 749 173 8 464
149 0 302 682 7 614
150 0 694 535 1 280
151 0 142 523 0 38
152 0 756 534 1 533
153 0 440 230 2 183
154 0 697 309 6 1061
155 0 80 367 1 338
156 0 376 540 7 489
157 0 145 409 6 247
158 0 585 620 2 137
159 0 465 230 7 513
160 0 454 750 1 437
161 0 324 236 6 481
162 0 164 756 3 495
163 0 233 237 3 362
164 0 693 512 2 921
165 0 116 117 4 167
166 0 230 676 8 67
167 0 156 631 0 208
168 0 96 760 9 920
169 0 734 375 8 1075
170 0 385 298 7 392
171 0 767 699 0 378
172 0 245 706 7 117
173 0 398 312 7 729
174 0 691 685 8 693
175 0 178 236 5 32
176 0 141 613 5 660
177 0 706 530 7 131
178 0 468 387 4 469
179 0 302 321 7 537
180 0 672 762 9 190
181 0 697 614 7 564
182 0 169 322 5 196
183 0 316 289 4 585
184 0 182 385 0 659
185 0 389 746 0 107
186 0 450 315 1 676
187 0 321 660 7 552
188 0 384 681 3 140
189 0 526 609 6 379
190 0 699 335 8 42
191 0 261 529 1 154
192 0 542 190 9 236
193 0 250 389 0 84
194 0 243 466 3 247
195 0 604 770 3 623
196 0 394 594 5 476
197 0 80 535 3 550
198 0 460 760 0 586
199 0 391 680 0 686
200 0 390 397 6 402
201 0 86 528 7 430
202 0 474 165 9 560
203 0 241 437 5 301
204 0 771 409 4 1050
205 0 558 675 4 337
206 0 89 237 9 321
207 0 450 467 6 452
208 0 697 383 9 1079
209 0 468 539 4 719
210 0 699 324 2 996
211 0 672 544 7 318
212 0 558 317 1 808
213 0 767 218 9 948
214 0 470 101 0 551
215 0 104 458 1 507
216 0 464 99 3 900
217 0 299 523 1 182
218 0 86 586 5 784
219 0 233 250 6 501
220 0 153 323 4 63
221 0 530 323 2 835
222 0 387 458 7 161
223 0 458 533 7 164
224 0 94 602 1 647
225 0 100 759 6 794
226 0 94 311 9 805
227 0 750 396 4 300
228 0 450 449 8 504
229 0 535 154 1 301
230 0 315 453 0 419
231 0 330 767 6 955
232 0 679 243 2 459
233 0 249 539 9 425
234 0 486 686 2 261
235 0 737 381 0 1121
236 0 160 173 6 758
237 0 532 757 1 522
238 0 548 246 2 347
239 0 460 753 1 550
240 0 464 754 7 759
241 0 690 235 7 648
242 0 175 181 0 633
243 0 390 688 4 486
244 0 468 681 0 747
245 0 113 243 6 702
246 0 694 754 9 603
247 0 145 235 5 251
248 0 662 181 7 696
249 0 144 248 7 707
250 0 762 246 0 612
251 0 757 164 3 475
252 0 450 477 8 534
253 0 544 615 3 88
254 0 182 601 2 1069
255 0 236 764 5 56
256 0 409 76 6 256
257 0 299 468 0 732
258 0 161 446 4 258
259 0 615 662 3 99
260 0 531 158 4 868
261 0 529 188 1 171
262 0 91 676 7 210
263 0 379 246 5 703
264 0 141 477 8 175
265 0 255 157 8 252
266 0 542 743 3 328
267 0 76 527 6 365
268 0 686 378 5 683
269 0 398 243 9 783
270 0 264 102 7 836
271 0 306 231 8 400
272 0 463 709 3 664
273 0 83 245 9 881
274 0 170 543 5 612
275 0 659 552 4 918
276 0 541 552 6 41
277 0 709 602 3 671
278 0 144 761 1 884
279 0 101 460 0 574
280 0 765 603 6 818
281 0 99 158 3 917
282 0 532 162 3 571
283 0 230 764 2 215
284 0 749 459 1 456
285 0 91 95 6 714
286 0 218 608 9 44
287 0 465 141 4 745
288 0 477 604 8 559
289 0 680 299 0 707
290 0 694 389 7 1019
291 0 394 321 2 843
292 0 595 390 5 500
293 0 619 310 6 566
294 0 237 409 9 339
295 0 261 757 9 689
296 0 327 83 6 905
297 0 752 692 9 624
298 0 588 104 5 637
299 0 618 515 2 150
300 0 733 526 3 1029
301 0 768 94 6 984
302 0 100 171 7 852
303 0 766 113 6 680
304 0 169 751 2 493
305 0 380 304 2 287
306 0 327 561 0 176
307 0 167 77 1 224
308 0 375 743 4 645
309 0 231 76 6 346
310 0 310 677 2 434
311 0 320 318 9 68
312 0 318 560 9 92
313 0 543 116 4 166
314 0 585 705 3 426
315 0 102 748 7 899
316 0 466 243 3 262
317 0 156 669 8 298
318 0 159 381 4 1080
319 0 595 545 8 328
320 0 737 218 9 16
321 0 77 694 1 265
322 0 322 394 4 68
323 0 632 690 3 733
324 0 527 230 8 277
325 0 243 308 3 273
326 0 302 395 9 835
327 0 483 520 9 342
328 0 302 321 2 886
329 0 86 327 6 933
330 0 676 616 8 83
331 0 308 99 0 853
332 0 141 234 4 766
333 0 546 339 2 756
334 0 705 523 3 434
335 0 477 162 8 824
336 0 672 307 8 392
337 0 165 694 9 587
338 0 529 235 7 799
339 0 447 672 9 172
340 0 242 685 9 282
341 0 94 477 8 857
342 0 457 76 5 380
343 0 693 764 5 973
344 0 768 247 8 987
345 0 532 142 7 941
346 0 472 162 3 33
347 0 446 675 7 357
348 0 588 145 5 227
349 0 156 474 2 595
350 0 161 88 5 572
351 0 304 320 3 217
352 0 614 238 5 434
353 0 544 446 7 344
354 0 218 410 9 984
355 0 389 395 8 668
356 0 85 248 0 333
357 0 697 762 6 1100
358 0 379 594 3 709
359 0 390 381 5 509
360 0 95 392 6 729
361 0 383 524 5 522
362 0 734 608 3 1075
363 0 762 168 9 716
364 0 543 588 5 621
365 0 483 93 1 622
366 0 393 397 1 816
367 0 523 380 0 47
368 0 602 161 4 239
369 0 145 307 7 972
370 0 396 602 4 218
371 0 606 515 1 51
372 0 235 174 7 663
373 0 631 154 0 225
374 0 611 386 6 391
375 0 764 486 2 241
376 0 249 618 6 517
377 0 84 595 5 922
378 0 156 685 4 797
379 0 472 171 7 82
380 0 306 530 4 848
381 0 753 311 1 570
382 0 289 619 6 542
383 0 154 410 0 247
384 0 247 437 8 147
385 0 162 681 3 596
386 0 158 400 2 649
387 0 392 162 6 743
388 0 248 463 0 352
389 0 391 89 1 694
390 0 159 83 1 931
391 0 471 237 6 606
392 0 437 307 1 370
393 0 586 470 5 792
394 0 676 602 1 651
395 0 528 474 8 794
396 0 478 235 8 885
397 0 604 385 3 690
398 0 733 265 1 1061
399 0 746 363 0 142
400 0 76 96 6 276
401 0 231 708 8 424
402 0 586 250 4 934
403 0 157 527 8 266
404 0 487 156 0 189
405 0 619 520 8 764
406 0 395 616 8 684
407 0 674 609 2 74
408 0 161 766 6 639
409 0 88 238 5 583
410 0 761 542 4 458
411 0 689 250 8 633
412 0 395 157 9 857
413 0 602 173 4 415
414 0 694 691 5 1030
415 0 474 158 2 623
416 0 532 659 5 954
417 0 753 612 4 997
418 0 100 169 1 963
419 0 227 242 9 254
420 0 247 363 8 594
421 0 706 165 4 675
422 0 88 486 1 715
423 0 237 552 3 389
424 0 558 319 3 824
425 0 594 543 4 135
426 0 299 767 1 1021
427 0 76 614 5 416
428 0 460 188 0 936
429 0 696 619 5 960
430 0 532 694 3 1053
431 0 486 631 5 531
432 0 398 452 5 820
433 0 165 470 4 692
434 0 339 561 2 781
435 0 163 688 5 344
436 0 693 537 3 986
437 0 150 308 0 832
438 0 696 688 6 1022
439 0 669 236 3 355
440 0 241 324 2 1022
441 0 544 230 8 357
442 0 762 437 0 773
443 0 174 588 7 681
444 0 393 151 3 852
445 0 690 339 4 829
446 0 380 231 9 499
447 0 749 529 2 813
448 0 321 231 2 861
449 0 321 688 2 907
450 0 585 765 2 936
451 0 302 748 5 841
452 0 532 743 0 975
453 0 749 600 7 771
454 0 391 760 8 960
455 0 396 558 4 328
456 0 752 558 5 859
457 0 97 116 2 685
458 0 688 90 3 185
459 0 85 339 0 449
460 0 396 617 1 830
461 0 465 88 5 750
462 0 290 252 4 588
463 0 410 97 1 748
464 0 614 231 7 589
465 0 310 470 6 587
466 0 310 484 4 552
467 0 466 468 9 762
468 0 672 446 5 875
469 0 113 264 5 891
470 0 762 302 1 914
471 0 151 464 3 877
472 0 450 236 5 554
473 0 176 381 1 1145
474 0 241 394 5 448
475 0 472 248 9 406
476 0 693 82 0 1037
477 0 478 178 5 14
478 0 771 530 5 1063
479 0 113 548 2 727
480 0 101 409 3 792
481 0 82 396 6 867
482 0 164 169 5 590
483 0 91 616 9 744
484 0 393 446 8 924
485 0 696 437 7 1047
486 0 682 100 2 545
487 0 364 614 8 611
488 0 561 487 0 178
489 0 603 231 6 834
490 0 534 323 6 191
491 0 709 472 9 396
492 0 321 447 4 967
493 0 691 290 8 716
494 0 265 548 9 534
495 0 376 600 2 794
496 0 512 389 8 662
497 0 696 142 7 1070
498 0 252 689 4 607
499 0 603 382 0 906
