0 1
0 1
0 1
0 1
0 1
0 2
0 2
0 2
0 2
0 2
0 3
0 3
0 3
0 3
0 3
0 4
0 4
0 4
0 4
0 4
0 5
0 5
0 5
0 5
0 5
0 6
0 6
0 6
0 6
0 6
0 7
1 7
1 7
2 7
2 7
2 8
2 8
3 8
4 8
4 8
4 9
4 9
4 9
4 9
4 9
4 10
4 10
4 10
4 10
4 10
4 11
4 11
4 11
4 11
5 11
5 12
5 12
5 12
5 12
5 12
5 13
5 13
5 13
5 13
6 13
8 14
8 14
8 14
8 14
8 14
8 15
8 15
8 15
9 15
9 15
9 16
9 16
9 16
9 16
9 16
10 17
10 17
11 17
11 17
12 17
12 18
13 18
13 18
13 18
13 18
13 19
13 19
13 19
13 19
14 19
14 20
16 20
16 20
16 20
16 20
16 20
16 20
16 20
16 20
17 20
17 20
17 20
17 20
17 20
17 20
17 20
17 20
17 20
17 20
17 20
17 20
17 20
19 20
19 20
19 20
19 20
19 20
19 20
19 20
19 20
19 20
19 20
19 20
19 20
19 20
19 20
18 20
18 20
17 20
17 20
17 20
17 20
17 20
16 20
16 20
18 20
18 20
19 20
19 20
19 20
19 20
19 20
19 20
19 20
19 20
20 20
20 20
21 20
21 20
20 20
20 20
20 20
21 20
21 20
21 20
21 20
21 20
21 20
21 20
20 20
18 20
18 20
18 20
19 20
19 20
20 20
20 20
20 20
20 20
20 20
20 20
20 20
20 20
21 20
21 20
20 20
20 20
19 20
19 20
18 20
18 20
17 20
17 20
17 20
17 20
17 20
17 20
18 20
18 20
17 20
17 20
15 20
15 20
15 20
15 20
16 20
16 20
16 20
17 20
16 20
20 20
20 20
20 20
20 20
20 20
20 20
20 20
20 20
21 20
21 20
21 20
21 20
19 20
19 20
19 20
19 20
20 20
21 20
21 20
21 20
22 20
23 20
23 20
23 20
23 20
23 20
23 20
23 20
23 20
23 20
23 20
24 20
23 20
24 20
24 20
22 20
22 20
21 20
21 20
21 20
21 20
21 20
22 20
22 20
22 20
21 20
22 20
21 20
21 20
21 20
21 20
21 20
21 20
21 20
21 20
21 20
21 20
22 20
22 20
22 20
23 20
23 20
23 20
22 20
22 20
21 20
21 20
21 20
20 20
20 20
20 20
20 20
20 20
19 20
19 20
21 20
21 20
21 20
21 20
21 20
21 20
21 20
21 20
21 20
21 20
21 20
22 20
21 20
22 20
22 20
22 20
22 20
22 20
22 20
22 20
21 20
21 20
21 20
20 20
20 20
17 20
18 20
20 20
20 20
20 20
21 20
21 20
21 20
20 20
20 20
20 20
20 20
20 20
20 20
20 20
20 20
20 20
19 20
19 20
19 20
18 20
18 20
18 20
18 20
18 20
18 20
18 20
18 20
18 20
18 20
18 20
17 20
17 20
18 20
19 20
20 20
20 20
20 20
20 20
20 20
20 20
20 20
19 20
19 20
21 20
21 20
20 20
20 20
20 20
21 20
21 20
21 20
20 20
20 20
20 20
21 20
22 20
21 20
21 20
21 20
20 20
20 20
21 20
21 20
21 20
22 20
22 20
22 20
22 20
22 20
22 20
22 20
22 20
22 20
22 20
20 20
20 20
21 20
21 20
21 20
21 20
21 20
21 20
22 20
22 20
22 20
22 20
22 20
22 20
22 20
22 20
22 20
22 20
22 20
22 20
22 20
22 20
22 20
22 20
22 20
21 20
20 20
19 20
19 20
19 20
18 20
19 20
20 20
21 20
21 20
21 20
21 20
21 20
21 20
21 20
21 20
20 20
20 20
21 20
21 20
21 20
20 20
20 20
21 20
21 20
21 20
21 20
22 20
22 20
22 20
22 20
22 20
22 20
20 20
19 20
19 20
19 20
19 20
20 20
20 20
20 20
21 20
21 20
21 20
19 20
19 20
19 20
19 20
20 20
19 20
20 20
21 20
21 20
21 20
22 20
21 20
20 20
20 20
20 20
20 20
20 20
20 20
19 20
19 20
19 20
18 20
18 20
19 20
19 20
19 20
19 20
19 20
19 20
19 20
19 20
20 20
20 20
19 20
19 20
20 20
20 20
20 20
20 20
19 20
19 20
19 20
18 20
19 20
18 20
18 20
18 20
18 20
19 20
20 20
20 20
20 20
20 20
20 20
20 20
20 20
20 20
20 20
19 20
19 20
19 20
19 20
18 20
17 20
17 20
18 20
18 20
19 20
19 20
20 20
20 20
20 20
21 20
21 20
20 20
20 20
20 20
20 20
21 20
20 20
20 20
20 20
21 20
20 20
20 20
20 20
20 20
20 20
21 20
21 20
21 20
20 20
20 20
20 20
19 20
19 20
19 20
18 20
19 20
19 20
19 20
19 20
19 20
19 20
18 20
18 20
17 20
16 20
16 20
16 20
15 20
16 20
16 20
16 20
17 20
17 20
17 20
17 20
17 20
19 20
19 20
19 20
20 20
19 20
19 20
19 20
19 20
20 20
20 20
20 20
20 20
19 20
19 20
19 20
19 20
19 20
19 20
19 20
19 20
20 20
20 20
21 20
21 20
20 20
20 20
21 20
22 20
22 20
21 20
21 20
21 20
21 20
21 20
21 20
21 20
21 20
22 20
22 20
22 20
22 20
23 20
23 20
23 20
23 20
22 20
21 20
21 20
20 20
20 20
19 20
20 20
20 20
19 20
19 20
19 20
19 20
19 20
19 20
18 20
19 20
20 20
20 20
19 20
19 20
19 20
19 20
19 20
19 20
19 20
19 20
19 20
19 20
19 20
19 20
19 20
19 20
19 20
19 20
19 20
19 20
19 20
19 20
19 20
19 20
19 20
19 20
19 20
19 20
20 20
21 20
21 20
20 20
21 20
21 20
20 20
20 20
20 20
20 20
20 20
18 20
19 20
19 20
19 20
19 20
19 20
19 20
19 20
18 20
18 20
18 20
18 20
19 20
19 20
19 20
20 20
19 20
20 20
20 20
21 20
20 20
20 20
19 20
19 20
19 20
19 20
19 20
18 20
18 20
19 20
19 20
19 20
19 20
19 20
19 20
20 20
20 20
19 20
19 20
19 20
19 20
18 20
18 20
18 20
18 20
19 20
19 20
20 20
21 20
21 20
21 20
20 20
21 20
21 20
21 20
21 20
21 20
21 20
22 20
22 20
21 20
20 20
20 20
20 20
20 20
20 20
21 20
21 20
21 20
20 20
20 20
20 20
21 20
21 20
21 20
21 20
21 20
21 20
21 20
20 20
20 20
20 20
21 20
21 20
21 20
21 20
21 20
21 20
23 20
22 20
21 20
22 20
22 20
21 20
21 20
22 20
22 20
22 20
22 20
22 20
22 20
21 20
21 20
20 20
20 20
21 20
21 20
21 20
22 20
23 20
24 20
24 20
23 20
23 20
23 20
22 20
22 20
21 20
21 20
20 20
20 20
20 20
20 20
20 20
20 20
20 20
19 20
20 20
20 20
19 20
18 20
18 20
18 20
18 20
18 20
17 20
17 20
18 20
18 20
18 20
18 20
18 20
19 20
19 20
19 20
20 20
20 20
20 20
19 20
19 20
19 20
19 20
18 20
18 20
20 20
20 20
20 20
20 20
19 20
19 20
19 20
19 20
19 20
19 20
19 20
19 20
18 20
19 20
20 20
21 20
22 20
22 20
22 20
22 20
22 20
22 20
22 20
22 20
22 20
23 20
23 20
23 20
22 20
22 20
22 20
23 20
23 20
23 20
21 20
21 20
21 20
21 20
21 20
21 20
21 20
20 20
20 20
20 20
20 20
20 20
20 20
20 20
20 20
20 20
20 20
19 20
19 20
19 20
20 20
19 20
19 20
19 20
19 20
19 20
19 20
19 20
19 20
19 20
19 20
20 20
20 20
20 20
20 20
20 20
20 20
21 20
21 20
20 20
21 20
21 20
21 20
21 20
21 20
21 20
21 20
21 20
21 20
20 20
20 20
20 20
21 20
21 20
20 20
20 20
20 20
19 20
19 20
19 20
19 20
19 20
19 20
20 20
20 20
20 20
19 20
19 20
19 20
19 20
19 20
20 20
20 20
21 20
21 20
21 20
21 20
23 20
23 20
23 20
22 20
21 20
20 20
20 20
19 20
19 20
19 20
19 20
19 20
19 20
19 20
18 20
18 20
18 20
18 20
19 20
19 20
18 20
18 20
18 20
18 20
18 20
20 20
20 20
20 20
20 20
20 20
20 20
20 20
20 20
20 20
20 20
20 20
21 20
21 20
21 20
21 20
21 20
22 20
23 20
21 20
21 20
20 20
20 20
20 20
20 20
20 20
20 20
20 20
20 20
20 20
20 20
20 20
20 20
20 20
21 20
21 20
20 20
21 20
21 20
20 20
20 20
20 20
20 20
20 20
21 20
22 20
22 20
22 20
22 20
22 20
22 20
22 20
22 20
22 20
23 20
23 20
22 20
22 20
21 20
21 20
21 20
21 20
21 20
21 20
21 20
20 20
20 20
20 20
20 20
20 20
21 20
21 20
20 20
20 20
20 20
20 20
18 20
18 20
17 20
17 20
18 20
20 20
20 20
20 20
20 20
20 20
20 20
20 20
20 20
20 20
20 20
20 20
21 20
21 20
20 20
20 20
21 20
21 20
21 20
21 20
21 20
19 20
18 20
18 20
20 20
20 20
20 20
20 20
20 20
21 20
21 20
21 20
20 20
20 20
20 20
20 20
20 20
19 20
18 20
18 20
18 20
18 20
18 20
18 20
18 20
19 20
19 20
20 20
20 20
20 20
20 20
20 20
20 20
21 20
20 20
20 20
20 20
20 20
20 20
20 20
20 20
20 20
21 20
21 20
20 20
19 20
20 20
20 20
20 20
21 20
21 20
20 20
20 20
20 20
19 20
19 20
19 20
19 20
19 20
19 20
19 20
19 20
18 20
19 20
19 20
19 20
20 20
20 20
20 20
20 20
18 20
20 20
20 20
20 20
20 20
20 20
20 20
20 20
20 20
20 20
19 20
17 20
19 20
19 20
19 20
19 20
19 20
19 20
19 20
19 20
19 20
19 20
20 20
20 20
20 20
20 20
19 20
19 20
20 20
20 20
20 20
20 20
20 20
20 20
19 20
20 20
20 20
20 20
20 20
19 20
19 20
19 20
19 20
19 20
19 20
19 20
20 20
20 20
20 20
20 20
20 20
21 20
21 20
23 20
23 20
22 20
22 20
21 20
21 20
22 20
21 20
21 20
21 20
21 20
21 20
21 20
22 20
21 20
21 20
21 20
21 20
21 20
21 20
21 20
21 20
21 20
21 20
21 20
21 20
20 20
20 20
20 20
20 20
20 20
20 20
21 20
21 20
21 20
21 20
21 20
22 20
22 20
23 20
22 20
22 20
22 20
22 20
22 20
22 20
22 20
22 20
20 20
20 20
20 20
20 20
20 20
20 20
22 20
22 20
22 20
22 20
23 20
21 20
21 20
21 20
21 20
21 20
21 20
21 20
21 20
21 20
21 20
19 20
19 20
19 20
19 20
20 20
20 20
19 20
19 20
19 20
19 20
20 20
20 20
19 20
18 20
18 20
19 20
20 20
20 20
20 20
20 20
20 20
22 20
22 20
22 20
21 20
22 20
22 20
22 20
22 20
21 20
21 20
19 20
20 20
20 20
20 20
20 20
20 20
19 20
19 20
19 20
19 20
18 20
18 20
18 20
18 20
18 20
18 20
18 20
18 20
18 20
17 20
18 20
18 20
19 20
18 20
18 20
18 20
19 20
19 20
20 20
20 20
21 20
21 20
20 20
20 20
20 20
21 20
21 20
20 20
20 20
19 20
19 20
19 20
19 20
18 20
18 20
18 20
18 20
18 20
18 20
18 20
18 20
18 20
18 20
19 20
18 20
18 20
18 20
18 20
18 20
18 20
19 20
19 20
19 20
20 20
20 20
20 20
20 20
21 20
21 20
21 20
21 20
21 20
21 20
20 20
21 20
21 20
21 20
21 20
21 20
21 20
21 20
21 20
21 20
21 20
20 20
19 20
19 20
20 20
21 20
22 20
20 20
20 20
20 20
20 20
19 20
20 20
20 20
20 20
20 20
20 20
20 20
19 20
19 20
19 20
19 20
20 20
21 20
21 20
21 20
21 20
21 20
22 20
22 20
21 20
21 20
21 20
21 20
22 20
22 20
23 20
22 20
22 20
21 20
21 20
21 20
21 20
21 20
21 20
20 20
20 20
19 20
20 20
20 20
20 20
20 20
19 20
19 20
19 20
19 20
19 20
19 20
19 20
19 20
19 20
19 20
19 20
20 20
20 20
20 20
21 20
21 20
21 20
21 20
20 20
19 20
19 20
19 20
20 20
20 20
20 20
19 20
19 20
19 20
19 20
20 20
20 20
20 20
19 20
19 20
19 20
19 20
19 20
20 20
21 20
20 20
20 20
20 20
20 20
20 20
19 20
19 20
19 20
19 20
19 20
19 20
20 20
20 20
19 20
19 20
19 20
19 20
19 20
19 20
20 20
20 20
19 20
19 20
19 20
19 20
19 20
20 20
20 20
20 20
20 20
20 20
19 20
18 20
18 20
18 20
18 20
18 20
18 20
18 20
19 20
19 20
19 20
19 20
18 20
18 20
17 20
17 20
18 20
19 20
19 20
19 20
19 20
18 20
19 20
19 20
19 20
19 20
18 20
18 20
18 20
19 20
19 20
20 20
20 20
20 20
20 20
20 20
21 20
22 20
22 20
22 20
22 20
21 20
21 20
21 20
20 20
20 20
20 20
20 20
20 20
20 20
20 20
20 20
21 20
20 20
20 20
20 20
21 20
21 20
20 20
19 20
19 20
19 20
19 20
19 20
19 20
19 20
19 20
18 20
17 20
18 20
18 20
19 20
21 20
21 20
22 20
22 20
22 20
22 20
23 20
23 20
22 20
22 20
22 20
21 20
20 20
21 20
21 20
21 20
20 20
20 20
20 20
20 20
20 20
20 20
20 20
20 20
20 20
20 20
20 20
20 20
20 20
20 20
20 20
20 20
20 20
20 20
20 20
21 20
20 20
20 20
20 20
20 20
20 20
20 20
20 20
20 20
19 20
18 20
18 20
18 20
18 20
18 20
17 20
17 20
17 20
18 20
19 20
19 20
19 20
18 20
18 20
19 20
19 20
19 20
19 20
19 20
18 20
17 20
17 20
17 20
17 20
18 20
20 20
20 20
20 20
20 20
20 20
20 20
20 20
20 20
21 20
21 20
19 20
20 20
20 20
21 20
20 20
21 20
21 20
21 20
21 20
21 20
21 20
21 20
21 20
21 20
22 20
22 20
23 20
22 20
22 20
21 20
19 20
19 20
18 20
19 20
19 20
19 20
18 20
18 20
19 20
19 20
19 20
19 20
19 20
18 20
18 20
18 20
18 20
18 20
20 20
20 20
20 20
20 20
20 20
19 20
19 20
19 20
19 20
20 20
20 20
21 20
21 20
21 20
21 20
21 20
20 20
21 20
22 20
22 20
22 20
22 20
22 20
22 20
22 20
22 20
22 20
22 20
22 20
23 20
23 20
23 20
23 20
23 20
23 20
22 20
21 20
22 20
22 20
22 20
22 20
20 20
20 20
20 20
20 20
21 20
22 20
22 20
22 20
23 20
24 20
23 20
21 20
22 20
22 20
22 20
22 20
22 20
22 20
22 20
21 20
21 20
21 20
20 20
20 20
20 20
20 20
19 20
19 20
19 20
20 20
21 20
21 20
21 20
21 20
21 20
20 20
20 20
19 20
19 20
19 20
20 20
20 20
20 20
20 20
19 20
19 20
19 20
19 20
19 20
19 20
20 20
21 20
21 20
21 20
21 20
21 20
21 20
21 20
21 20
19 20
19 20
19 20
21 20
21 20
22 20
22 20
23 20
23 20
22 20
22 20
21 20
21 20
21 20
21 20
21 20
22 20
20 20
19 20
19 20
19 20
19 20
19 20
19 20
19 20
19 20
19 20
20 20
20 20
20 20
21 20
21 20
21 20
21 20
21 20
21 20
21 20
20 20
20 20
20 20
20 20
21 20
23 20
23 20
23 20
22 20
21 20
21 20
21 20
20 20
19 20
20 20
20 20
19 20
19 20
20 20
20 20
20 20
20 20
20 20
20 20
20 20
22 20
22 20
23 20
22 20
22 20
22 20
22 20
22 20
22 20
21 20
21 20
21 20
21 20
21 20
21 20
21 20
21 20
22 20
23 20
22 20
22 20
22 20
22 20
22 20
22 20
22 20
22 20
22 20
21 20
20 20
19 20
19 20
19 20
19 20
19 20
20 20
20 20
21 20
21 20
22 20
22 20
20 20
20 20
19 20
19 20
18 20
18 20
18 20
18 20
18 20
18 20
18 20
19 20
19 20
19 20
21 20
21 20
21 20
21 20
21 20
21 20
21 20
21 20
21 20
21 20
20 20
20 20
19 20
18 20
18 20
19 20
19 20
19 20
19 20
19 20
19 20
19 20
19 20
19 20
19 20
17 20
18 20
20 20
20 20
20 20
21 20
21 20
21 20
21 20
20 20
20 20
20 20
20 20
19 20
19 20
19 20
19 20
19 20
19 20
21 20
19 20
19 20
18 20
18 20
19 20
20 20
20 20
20 20
19 20
19 20
19 20
19 20
19 20
20 20
20 20
20 20
20 20
19 20
18 20
18 20
18 20
18 20
18 20
18 20
18 20
18 20
19 20
19 20
19 20
20 20
20 20
20 20
20 20
20 20
20 20
20 20
21 20
20 20
20 20
20 20
20 20
20 20
21 20
21 20
21 20
21 20
21 20
21 20
21 20
21 20
21 20
22 20
21 20
22 20
21 20
20 20
20 20
20 20
20 20
20 20
20 20
20 20
20 20
20 20
21 20
21 20
22 20
22 20
22 20
22 20
21 20
21 20
21 20
21 20
21 20
21 20
21 20
21 20
22 20
21 20
21 20
20 20
18 20
18 20
18 20
17 20
17 20
17 20
17 20
17 20
17 20
17 20
17 20
19 20
20 20
20 20
20 20
21 20
21 20
19 20
20 20
20 20
20 20
20 20
20 20
19 20
20 20
20 20
20 20
20 20
20 20
20 20
20 20
19 20
19 20
20 20
20 20
20 20
20 20
21 20
22 20
22 20
22 20
22 20
22 20
22 20
21 20
21 20
21 20
20 20
20 20
20 20
20 20
20 20
21 20
20 20
19 20
20 20
20 20
19 20
19 20
19 20
20 20
21 20
21 20
21 20
21 20
21 20
21 20
21 20
21 20
21 20
21 20
20 20
20 20
19 20
19 20
19 20
19 20
19 20
19 20
19 20
19 20
20 20
19 20
19 20
18 20
18 20
18 20
19 20
19 20
19 20
19 20
21 20
21 20
21 20
22 20
22 20
21 20
22 20
22 20
22 20
23 20
23 20
23 20
23 20
23 20
23 20
23 20
23 20
23 20
23 20
23 20
21 20
20 20
20 20
20 20
19 20
19 20
19 20
18 20
18 20
19 20
19 20
19 20
19 20
18 20
18 20
18 20
18 20
18 20
18 20
18 20
18 20
18 20
17 20
17 20
17 20
17 20
16 20
16 20
16 20
16 20
16 20
17 20
17 20
17 20
17 20
17 20
17 20
17 20
17 20
17 20
18 20
18 20
18 20
18 20
17 20
17 20
17 20
19 20
20 20
19 20
18 20
18 20
18 20
18 20
19 20
19 20
20 20
21 20
20 20
20 20
20 20
20 20
21 20
21 20
21 20
21 20
21 20
21 20
21 20
21 20
20 20
21 20
21 20
21 20
21 20
21 20
20 20
20 20
20 20
21 20
19 20
19 20
19 20
19 20
19 20
19 20
18 20
18 20
18 20
17 20
18 20
18 20
18 20
18 20
19 20
19 20
20 20
20 20
20 20
20 20
20 20
20 20
20 20
20 20
21 20
21 20
22 20
22 20
22 20
21 20
21 20
20 20
20 20
20 20
20 20
20 20
21 20
21 20
21 20
21 20
22 20
22 20
22 20
22 20
23 20
23 20
23 20
23 20
24 20
24 20
24 20
23 20
23 20
24 20
24 20
24 20
24 20
24 20
24 20
24 20
23 20
22 20
23 20
23 20
24 20
24 20
24 20
22 20
21 20
20 20
21 20
21 20
21 20
22 20
21 20
21 20
20 20
19 20
19 20
19 20
20 20
20 20
19 20
19 20
19 20
19 20
19 20
19 20
20 20
21 20
21 20
20 20
20 20
20 20
20 20
20 20
20 20
20 20
20 20
19 20
19 20
19 20
20 20
19 20
19 20
19 20
19 20
19 20
20 20
20 20
19 20
19 20
19 20
20 20
19 20
19 20
18 20
18 20
19 20
19 20
19 20
20 20
21 20
21 20
20 20
20 20
19 20
19 20
19 20
19 20
19 20
19 20
19 20
20 20
20 20
20 20
19 20
19 20
19 20
19 20
18 20
18 20
19 20
20 20
19 20
19 20
19 20
19 20
18 20
18 20
20 20
21 20
21 20
20 20
20 20
20 20
20 20
20 20
20 20
20 20
20 20
20 20
19 20
19 20
18 20
18 20
18 20
19 20
19 20
19 20
18 20
18 20
19 20
18 20
18 20
18 20
18 20
19 20
19 20
19 20
18 20
19 20
19 20
19 20
20 20
20 20
21 20
21 20
21 20
20 20
20 20
20 20
20 20
20 20
20 20
20 20
20 20
20 20
20 20
20 20
20 20
20 20
19 20
20 20
20 20
20 20
20 20
20 20
19 20
19 20
20 20
20 20
21 20
20 20
20 20
20 20
20 20
20 20
19 20
19 20
19 20
18 20
17 20
17 20
17 20
17 20
17 20
17 20
17 20
17 20
17 20
17 20
18 20
18 20
18 20
18 20
18 20
18 20
18 20
18 20
19 20
20 20
21 20
20 20
21 20
22 20
22 20
21 20
21 20
21 20
19 20
18 20
18 20
18 20
18 20
18 20
20 20
20 20
20 20
20 20
20 20
21 20
21 20
21 20
21 20
21 20
21 20
20 20
20 20
20 20
20 20
20 20
20 20
20 20
20 20
20 20
20 20
19 20
21 20
21 20
21 20
21 20
22 20
22 20
21 20
21 20
20 20
20 20
20 20
20 20
20 19
20 19
20 19
20 19
20 19
20 18
21 18
21 18
21 18
21 18
21 17
21 17
21 17
20 17
21 17
21 16
23 16
23 16
23 16
23 16
22 15
22 15
21 15
21 15
21 15
21 14
21 14
21 14
21 14
21 14
21 13
21 13
21 13
21 13
21 13
21 12
21 12
21 12
21 12
21 12
21 11
21 11
20 11
19 11
19 11
19 10
19 10
19 10
19 10
19 10
18 9
17 9
15 9
15 9
14 9
13 8
13 8
13 8
13 8
13 8
13 7
13 7
13 7
13 7
13 7
13 6
11 6
11 6
11 6
11 6
11 5
10 5
10 5
10 5
10 5
10 4
10 4
10 4
10 4
10 4
10 3
10 3
9 3
9 3
9 3
9 2
9 2
9 2
7 2
7 2
7 1
6 1
5 1
5 1
5 1
5 0
5 0
5 0
4 0
4 0
4 0
4 0
4 0
4 0
4 0
4 0
3 0
3 0
3 0
3 0
3 0
3 0
3 0
3 0
2 0
2 0
0 0
0 0
0 0
0 0
0 0
0 0
0 0
0 0
0 0
0 0
0 0
0 0
0 0
0 0
0 0
0 0
0 0
0 0
0 0
0 0
0 0
0 0
0 0
0 0
0 0
0 0
0 0
0 0
0 0
0 0
0 0
0 0
0 0
0 0
0 0
0 0
0 0
0 0
0 0
0 0
0 0
0 0
0 0
0 0
0 0
0 0
0 0
0 0
0 0
0 0
0 0
0 0
0 0
0 0
0 0
0 0
0 0
0 0
0 0
0 0
0 0
0 0
0 0
0 0
0 0
0 0
0 0
0 0
0 0
0 0
0 0
0 0
0 0
0 0
0 0
0 0
0 0
0 0
0 0
0 0
0 0
0 0
0 0
0 0
0 0
0 0
0 0
0 0
0 0
0 0
0 0
0 0
0 0
0 0
0 0
0 0
0 0
0 0
0 0
0 0
0 0
0 0
0 0
0 0
0 0
0 0
0 0
0 0
0 0
0 0
0 0
0 0
0 0
0 0
0 0
0 0
0 0
0 0
0 0
0 0
0 0
0 0
0 0
0 0
0 0
0 0
0 0
0 0
0 0
0 0
0 0
0 0
0 0
0 0
0 0
0 0
0 0
0 0
0 0
0 0
0 0
0 0
0 0
0 0
0 0
0 0
0 0
0 0
0 0
0 0
0 0
0 0
0 0
0 0
0 0
0 0
0 0
0 0
0 0
0 0
0 0
0 0
0 0
0 0
0 0
0 0
0 0
0 0
0 0
0 0
0 0
0 0
0 0
0 0
0 0
0 0
0 0
0 0
0 0
0 0
0 0
0 0
0 0
0 0
0 0
0 0
0 0
0 0
0 0
0 0
0 0
0 0
0 0
0 0
0 0
0 0
0 0
0 0
0 0
0 0
0 0
0 0
0 0
0 0
0 0
0 0
0 0
0 0
0 0
0 0
0 0
0 0
0 0
0 0
0 0
0 0
0 0
0 0
0 0
0 0
0 0
0 0
0 0
0 0
0 0
0 0
0 0
0 0
0 0
0 0
0 0
0 0
0 0
0 0
0 0
0 0
0 0
0 0
0 0
0 0
0 0
0 0
0 0
0 0
0 0
0 0
0 0
0 0
0 0
0 0
0 0
0 0
0 0
0 0
0 0
0 0
0 0
0 0
0 0
0 0
0 0
0 0
0 0
0 0
0 0
0 0
0 0
0 0
0 0
0 0
0 0
0 0
0 0
0 0
0 0
0 0
0 0
0 0
0 0
0 0
0 0
0 0
0 0
0 0
0 0
0 0
0 0
0 0
0 0
0 0
0 0
0 0
0 0
0 0
0 0
0 0
0 0
0 0
0 0
0 0
0 0
0 0
0 0
0 0
0 0
0 0
0 0
0 0
0 0
0 0
0 0
0 0
0 0
0 0
0 0
0 0
0 0
0 0
0 0
0 0
0 0
0 0
0 0
0 0
0 0
0 0
0 0
0 0
0 0
0 0
0 0
0 0
0 0
0 0
0 0
0 0
0 0
0 0
0 0
0 0
0 0
0 0
0 0
0 0
0 0
0 0
0 0
0 0
0 0
0 0
0 0
0 0
0 0
0 0
0 0
0 0
0 0
0 0
0 0
0 0
0 0
0 0
0 0
0 0
0 0
0 0
0 0
0 0
0 0
0 0
0 0
0 0
0 0
0 0
0 0
0 0
0 0
0 0
0 0
0 0
0 0
0 0
0 0
0 0
