0 0.366 0.939 
1 0 0 
2 0 0 
3 0 0 
4 0 0 
5 0.338 0.74 
6 0 0 
7 0 0 
8 0 0 
9 0 0 
10 0.337 0.778 
11 0 0 
12 0 0 
13 0 0 
14 0 0 
15 0.367 0.888 
16 0 0 
17 0 0 
18 0 0 
19 0 0 
20 0.399 0.911 
21 0.276 0.842 
22 0 0 
23 0 0 
24 0 0 
25 0.385 0.936 
26 0 0 
27 0 0 
28 0 0 
29 0 0 
30 0.394 0.883 
31 0.413 1.481 
32 0.38 1.133 
33 0 0 
34 0 0 
35 0.342 1.139 
36 0 0 
37 0 0 
38 0 0 
39 0 0 
40 0.402 0.894 
41 0.337 1.155 
42 0 0 
43 0 0 
44 0.356 1.085 
45 0.368 1.005 
46 0 0 
47 0 0 
48 0 0 
49 0 0 
50 0.404 1.317 
51 0 0 
52 0 0 
53 0 0 
54 0 0 
55 0.407 1.163 
56 0 0 
57 0 0 
58 0 0 
59 0 0 
60 0.281 0.866 
61 0 0 
62 0.391 1.026 
63 0 0 
64 0 0 
65 0.303 0.987 
66 0 0 
67 0 0 
68 0 0 
69 0 0 
70 0.264 0.826 
71 0 0 
72 0 0 
73 0 0 
74 0.421 0.963 
75 0.278 0.83 
76 0 0 
77 0 0 
78 0 0 
79 0.308 0.945 
80 0.318 0.768 
81 0 0 
82 0 0 
83 0 0 
84 0 0 
85 0.317 0.87 
86 0 0 
87 0 0 
88 0.378 1.006 
89 0 0 
90 0.417 0.961 
91 0.399 0.981 
92 0 0 
93 0 0 
94 0 0 
95 0.361 0.94 
96 0.334 1.024 
97 0 0 
98 0 0 
99 0 0 
100 0.332 1.063 
101 0 0 
102 0 0 
103 0 0 
104 0 0 
105 0.392 2.49 
106 0 0 
107 0 0 
108 0 0 
109 0 0 
110 0.416 2.893 
111 0 0 
112 0 0 
113 0.43 1.854 
114 0 0 
115 0.424 1.148 
116 0 0 
117 0 0 
118 0 0 
119 0 0 
120 0.409 1.162 
121 0 0 
122 0 0 
123 0 0 
124 0 0 
125 0.453 1.121 
126 0 0 
127 0 0 
128 0 0 
129 0 0 
130 0.42 1.1 
131 0 0 
132 0 0 
133 0 0 
134 0 0 
135 0.43 1.403 
136 0 0 
137 0 0 
138 0 0 
139 0 0 
140 0.306 1.306 
141 0.42 1.208 
142 0.408 1.318 
143 0 0 
144 0 0 
145 0.393 10.27 
146 0 0 
147 0 0 
148 0 0 
149 0 0 
150 0.415 2.123 
151 0 0 
152 0 0 
153 0 0 
154 0 0 
155 0.39 2.973 
156 0 0 
157 0 0 
158 0 0 
159 0 0 
160 0.401 1.749 
161 0 0 
162 0 0 
163 0 0 
164 0 0 
165 0.553 1.903 
166 0 0 
167 0 0 
168 0 0 
169 0 0 
170 0.431 1.603 
171 0 0 
172 0 0 
173 0 0 
174 0 0 
175 0.43 1.19 
176 0.394 1.316 
177 0 0 
178 0 0 
179 0 0 
180 0.404 1.171 
181 0 0 
182 0 0 
183 0 0 
184 0.394 1.112 
185 0.434 1.099 
186 0 0 
187 0 0 
188 0 0 
189 0.426 1.034 
190 0.439 1.077 
191 0 0 
192 0 0 
193 0 0 
194 0 0 
195 0.363 0.915 
196 0.397 18.65 
197 0.414 22.457 
198 0 0 
199 0 0 
200 0.27 13.088 
201 0 0 
202 0 0 
203 0 0 
204 0.315 1.133 
205 0.336 0.83 
206 0.384 3.718 
207 0 0 
208 0 0 
209 0 0 
210 0.383 1.976 
211 0.277 1.254 
212 0 0 
213 0.353 1.322 
214 0 0 
215 0.361 1.151 
216 0 0 
217 0 0 
218 0 0 
219 0 0 
220 0.266 0.812 
221 0.392 0.99 
222 0 0 
223 0.334 0.845 
224 0 0 
225 0.283 0.687 
226 0 0 
227 0 0 
228 0 0 
229 0.299 0.692 
230 0.364 0.823 
231 0 0 
232 0 0 
233 0 0 
234 0 0 
235 0.369 0.628 
236 0 0 
237 0 0 
238 0.262 0.538 
239 0 0 
240 0.303 0.693 
241 0.351 0.754 
242 0 0 
243 0 0 
244 0 0 
245 0.317 0.631 
246 0 0 
247 0 0 
248 0 0 
249 0 0 
250 0.346 0.606 
251 0 0 
252 0 0 
253 0 0 
254 0 0 
255 0.394 0.717 
256 0 0 
257 0 0 
258 0 0 
259 0 0 
260 0.27 0.683 
261 0.356 0.805 
262 0 0 
263 0 0 
264 0 0 
265 0.331 3.72 
266 0 0 
267 0 0 
268 0 0 
269 0 0 
270 0.319 1.032 
271 0 0 
272 0 0 
273 0 0 
274 0 0 
275 0.251 1.527 
276 0 0 
277 0 0 
278 0 0 
279 0 0 
280 0.298 1.187 
281 0 0 
282 0 0 
283 0 0 
284 0 0 
285 0.368 1.109 
286 0.354 0.963 
287 0 0 
288 0 0 
289 0 0 
290 0.371 0.993 
291 0 0 
292 0 0 
293 0 0 
294 0 0 
295 0.379 0.909 
296 0 0 
297 0 0 
298 0 0 
299 0 0 
300 0.407 1.021 
301 0 0 
302 0 0 
303 0 0 
304 0 0 
305 0.501 1.015 
306 0.41 1.164 
307 0 0 
308 0 0 
309 0 0 
310 0.45 1.107 
311 0 0 
312 0 0 
313 0 0 
314 0 0 
315 0.389 0.937 
316 0 0 
317 0 0 
318 0 0 
319 0 0 
320 0.404 0.93 
321 0 0 
322 0 0 
323 0 0 
324 0.377 0.878 
325 0.413 0.925 
326 0 0 
327 0 0 
328 0 0 
329 0 0 
330 0.46 1.02 
331 0 0 
332 0 0 
333 0 0 
334 0 0 
335 0.422 0.742 
336 0 0 
337 0 0 
338 0.414 0.757 
339 0 0 
340 0.429 0.732 
341 0.404 0.878 
342 0 0 
343 0 0 
344 0 0 
345 0.39 0.777 
346 0 0 
347 0 0 
348 0.244 0.667 
349 0 0 
350 0.297 0.813 
351 0 0 
352 0.253 0.593 
353 0 0 
354 0.337 0.708 
355 0.308 0.638 
356 0 0 
357 0 0 
358 0 0 
359 0 0 
360 0.29 0.574 
361 0 0 
362 0 0 
363 0.239 0.52 
364 0 0 
365 0.252 0.55 
366 0.255 0.597 
367 0.28 0.745 
368 0 0 
369 0 0 
370 0.28 0.604 
371 0 0 
372 0 0 
373 0 0 
374 0 0 
375 0.274 0.633 
376 0 0 
377 0 0 
378 0 0 
379 0 0 
380 0.392 0.695 
381 0 0 
382 0 0 
383 0 0 
384 0 0 
385 0.284 0.82 
386 0 0 
387 0 0 
388 0 0 
389 0 0 
390 0.312 0.927 
391 0 0 
392 0 0 
393 0 0 
394 0 0 
395 0.358 0.856 
396 0 0 
397 0 0 
398 0 0 
399 0 0 
400 0.356 0.872 
401 0 0 
402 0 0 
403 0 0 
404 0.26 0.641 
405 0.251 0.728 
406 0 0 
407 0 0 
408 0 0 
409 0 0 
410 0.304 0.973 
411 0 0 
412 0.343 0.94 
413 0.322 1.127 
414 0 0 
415 0.354 0.785 
416 0 0 
417 0 0 
418 0 0 
419 0 0 
420 0.333 3.374 
421 0 0 
422 0 0 
423 0 0 
424 0 0 
425 0.364 1.414 
426 0 0 
427 0 0 
428 0 0 
429 0 0 
430 0.251 0.9 
431 0.331 0.969 
432 0 0 
433 0 0 
434 0 0 
435 0.332 0.782 
436 0 0 
437 0.318 1.412 
438 0 0 
439 0 0 
440 0.35 0.802 
441 0 0 
442 0 0 
443 0.334 0.741 
444 0 0 
445 0.287 0.662 
446 0 0 
447 0 0 
448 0 0 
449 0 0 
450 0.373 0.767 
451 0.34 1.255 
452 0 0 
453 0.307 0.653 
454 0 0 
455 0.342 0.649 
456 0 0 
457 0.314 0.773 
458 0 0 
459 0 0 
460 0.388 0.65 
461 0 0 
462 0.307 0.692 
463 0 0 
464 0 0 
465 0.347 0.705 
466 0.338 0.735 
467 0 0 
468 0 0 
469 0.316 0.676 
470 0.256 0.615 
471 0 0 
472 0 0 
473 0 0 
474 0 0 
475 0.192 0.694 
476 0.304 5.481 
477 0 0 
478 0 0 
479 0 0 
480 0.298 1.655 
481 0 0 
482 0 0 
483 0.315 1.749 
484 0 0 
485 0.316 1.749 
486 0 0 
487 0 0 
488 0 0 
489 0.34 1.095 
490 0.313 1.303 
491 0 0 
492 0 0 
493 0 0 
494 0 0 
495 0.339 0.925 
496 0 0 
497 0 0 
498 0 0 
499 0 0 
500 0.373 2.666 
501 0 0 
502 0 0 
503 0 0 
504 0 0 
505 0.37 2.116 
506 0.343 1.618 
507 0 0 
508 0 0 
509 0.329 1.295 
510 0.335 1.038 
511 0 0 
512 0.342 0.959 
513 0 0 
514 0 0 
515 0.266 0.659 
516 0 0 
517 0 0 
518 0 0 
519 0 0 
520 0.324 0.77 
521 0.388 0.873 
522 0.366 0.761 
523 0 0 
524 0 0 
525 0.35 0.727 
526 0 0 
527 0 0 
528 0 0 
529 0 0 
530 0.344 0.702 
531 0 0 
532 0 0 
533 0 0 
534 0 0 
535 0.314 1.014 
536 0 0 
537 0 0 
538 0 0 
539 0 0 
540 0.364 0.839 
541 0 0 
542 0 0 
543 0 0 
544 0.313 0.903 
545 0.346 1.122 
546 0 0 
547 0 0 
548 0 0 
549 0 0 
550 0.343 2.764 
551 0 0 
552 0 0 
553 0 0 
554 0 0 
555 0.349 1.7 
556 0 0 
557 0 0 
558 0 0 
559 0 0 
560 0.358 0.835 
561 0 0 
562 0 0 
563 0.263 0.864 
564 0 0 
565 0.347 0.793 
566 0 0 
567 0 0 
568 0 0 
569 0 0 
570 0.252 0.744 
571 0 0 
572 0 0 
573 0.31 0.817 
574 0 0 
575 0.306 0.792 
576 0 0 
577 0 0 
578 0.232 0.675 
579 0 0 
580 0.234 0.718 
581 0 0 
582 0 0 
583 0 0 
584 0 0 
585 0.332 0.774 
586 0 0 
587 0 0 
588 0.329 0.752 
589 0 0 
590 0.386 0.792 
591 0 0 
592 0 0 
593 0 0 
594 0.28 0.585 
595 0.345 0.537 
596 0 0 
597 0 0 
598 0 0 
599 0 0 
600 0.342 0.642 
601 0 0 
602 0.318 0.569 
603 0.338 0.716 
604 0 0 
605 0.34 0.609 
606 0 0 
607 0 0 
608 0 0 
609 0 0 
610 0.302 0.716 
611 0 0 
612 0 0 
613 0 0 
614 0 0 
615 0.278 0.824 
616 0 0 
617 0 0 
618 0 0 
619 0.327 0.697 
620 0.307 1.155 
621 0 0 
622 0 0 
623 0.242 0.693 
624 0 0 
625 0.285 1.308 
626 0 0 
627 0 0 
628 0 0 
629 0 0 
630 0.328 1.203 
631 0 0 
632 0 0 
633 0.324 1.664 
634 0 0 
635 0.285 1.682 
636 0 0 
637 0 0 
638 0 0 
639 0 0 
640 0.335 2.381 
641 0.314 1.33 
642 0 0 
643 0 0 
644 0 0 
645 0.335 1.514 
646 0 0 
647 0 0 
648 0 0 
649 0.37 1.133 
650 0.408 1.418 
651 0 0 
652 0 0 
653 0 0 
654 0 0 
655 0.369 0.979 
656 0 0 
657 0.248 1.101 
658 0 0 
659 0.244 0.845 
660 0.358 0.97 
661 0 0 
662 0.3 0.925 
663 0 0 
664 0 0 
665 0.25 0.734 
666 0 0 
667 0.234 0.707 
668 0 0 
669 0 0 
670 0.23 0.709 
671 0 0 
672 0 0 
673 0 0 
674 0 0 
675 0.302 0.825 
676 0.262 0.841 
677 0 0 
678 0 0 
679 0 0 
680 0.307 0.694 
681 0 0 
682 0 0 
683 0.258 0.782 
684 0 0 
685 0.261 0.743 
686 0.245 0.658 
687 0 0 
688 0 0 
689 0 0 
690 0.388 0.836 
691 0.386 0.871 
692 0 0 
693 0 0 
694 0.32 0.713 
695 0.349 0.726 
696 0 0 
697 0 0 
698 0 0 
699 0 0 
700 0.291 2.748 
701 0 0 
702 0.334 0.737 
703 0 0 
704 0 0 
705 0.267 1.439 
706 0.322 1.199 
707 0 0 
708 0 0 
709 0 0 
710 0.27 5.452 
711 0 0 
712 0.292 5.419 
713 0 0 
714 0 0 
715 0.305 4.388 
716 0.325 4.677 
717 0 0 
718 0 0 
719 0 0 
720 0.34 3.928 
721 0 0 
722 0 0 
723 0 0 
724 0 0 
725 0.25 2.525 
726 0 0 
727 0 0 
728 0 0 
729 0 0 
730 0.361 1.872 
731 0.322 1.607 
732 0.325 1.72 
733 0 0 
734 0 0 
735 0.346 1.276 
736 0 0 
737 0 0 
738 0 0 
739 0 0 
740 0.32 1.307 
741 0 0 
742 0 0 
743 0 0 
744 0 0 
745 0.272 0.972 
746 0 0 
747 0 0 
748 0 0 
749 0.383 1.144 
750 0.372 0.943 
751 0 0 
752 0.399 1.267 
753 0 0 
754 0 0 
755 0.428 4.532 
756 0 0 
757 0 0 
758 0.373 1.214 
759 0 0 
760 0.345 7.195 
761 0 0 
762 0 0 
763 0 0 
764 0 0 
765 0.282 1.794 
766 0 0 
767 0 0 
768 0 0 
769 0 0 
770 0.367 2.876 
771 0.235 1.365 
772 0 0 
773 0 0 
774 0 0 
775 0.234 0.897 
776 0 0 
777 0 0 
778 0 0 
779 0.281 0.942 
780 0.337 1.258 
781 0 0 
782 0 0 
783 0 0 
784 0 0 
785 0.356 0.982 
786 0 0 
787 0 0 
788 0 0 
789 0 0 
790 0.241 1.014 
791 0 0 
792 0 0 
793 0 0 
794 0 0 
795 0.26 1.075 
796 0 0 
797 0.366 1.021 
798 0.331 0.869 
799 0 0 
800 0.266 0.729 
801 0 0 
802 0.357 0.913 
803 0 0 
804 0 0 
805 0.35 0.878 
806 0 0 
807 0 0 
808 0 0 
809 0.291 0.731 
810 0.266 0.86 
811 0 0 
812 0 0 
813 0 0 
814 0 0 
815 0.341 0.783 
816 0.324 1.038 
817 0 0 
818 0 0 
819 0 0 
820 0.329 0.752 
821 0.376 0.857 
822 0 0 
823 0.259 0.742 
824 0 0 
825 0.323 0.707 
826 0 0 
827 0 0 
828 0 0 
829 0 0 
830 0.257 0.508 
831 0 0 
832 0 0 
833 0 0 
834 0.254 0.53 
835 0.281 0.57 
836 0 0 
837 0 0 
838 0.3 0.614 
839 0.279 0.552 
840 0.27 0.618 
841 0.268 0.63 
842 0 0 
843 0 0 
844 0 0 
845 0.261 0.738 
846 0 0 
847 0 0 
848 0 0 
849 0 0 
850 0.273 0.809 
851 0 0 
852 0 0 
853 0 0 
854 0.272 0.764 
855 0.256 0.771 
856 0 0 
857 0 0 
858 0 0 
859 0 0 
860 0.31 0.856 
861 0 0 
862 0 0 
863 0 0 
864 0 0 
865 0.306 0.889 
866 0 0 
867 0 0 
868 0.283 0.797 
869 0 0 
870 0.28 0.718 
871 0 0 
872 0 0 
873 0 0 
874 0 0 
875 0.275 1.015 
876 0.334 0.959 
877 0 0 
878 0 0 
879 0 0 
880 0.35 0.987 
881 0 0 
882 0 0 
883 0 0 
884 0 0 
885 0.356 1.098 
886 0.327 0.958 
887 0 0 
888 0 0 
889 0 0 
890 0.333 0.902 
891 0 0 
892 0 0 
893 0 0 
894 0 0 
895 0.357 0.894 
896 0 0 
897 0 0 
898 0 0 
899 0 0 
900 0.359 2.405 
901 0 0 
902 0 0 
903 0 0 
904 0 0 
905 0.346 1.513 
906 0 0 
907 0 0 
908 0.338 1.394 
909 0 0 
910 0.328 0.996 
911 0 0 
912 0 0 
913 0.315 2.162 
914 0 0 
915 0.331 1.02 
916 0.3 1.701 
917 0 0 
918 0 0 
919 0.234 0.69 
920 0.318 0.833 
921 0 0 
922 0 0 
923 0.297 0.63 
924 0 0 
925 0.249 0.672 
926 0 0 
927 0 0 
928 0 0 
929 0.275 0.754 
930 0.3 0.822 
931 0.303 0.831 
932 0 0 
933 0 0 
934 0.27 0.778 
935 0.261 0.712 
936 0 0 
937 0 0 
938 0 0 
939 0 0 
940 0.31 0.715 
941 0.324 0.825 
942 0 0 
943 0 0 
944 0 0 
945 0.344 0.792 
946 0 0 
947 0 0 
948 0 0 
949 0 0 
950 0.35 1.029 
951 0 0 
952 0 0 
953 0 0 
954 0.264 0.809 
955 0.295 0.846 
956 0 0 
957 0 0 
958 0 0 
959 0 0 
960 0.329 0.816 
961 0 0 
962 0 0 
963 0 0 
964 0 0 
965 0.316 0.943 
966 0 0 
967 0 0 
968 0.283 0.812 
969 0 0 
970 0.272 0.652 
971 0 0 
972 0 0 
973 0.209 0.66 
974 0 0 
975 0.272 0.887 
976 0 0 
977 0 0 
978 0 0 
979 0 0 
980 0.314 0.927 
981 0 0 
982 0 0 
983 0 0 
984 0 0 
985 0.344 1.012 
986 0 0 
987 0 0 
988 0.331 0.779 
989 0 0 
990 0.309 0.842 
991 0.307 2.975 
992 0 0 
993 0 0 
994 0.323 2.392 
995 0.331 0.765 
996 0 0 
997 0 0 
998 0 0 
999 0 0 
1000 0.329 0.805 
1001 0 0 
1002 0.344 0.798 
1003 0 0 
1004 0 0 
1005 0.336 0.799 
1006 0 0 
1007 0 0 
1008 0 0 
1009 0 0 
1010 0.352 0.831 
1011 0.32 0.909 
1012 0 0 
1013 0.283 0.758 
1014 0 0 
1015 0.298 0.834 
1016 0.403 0.932 
1017 0 0 
1018 0.274 0.848 
1019 0 0 
1020 0.254 0.862 
1021 0.262 0.713 
1022 0 0 
1023 0.234 0.9 
1024 0 0 
1025 0.296 1.014 
1026 0 0 
1027 0 0 
1028 0 0 
1029 0 0 
1030 0.32 0.729 
1031 0 0 
1032 0 0 
1033 0 0 
1034 0 0 
1035 0.28 0.79 
1036 0 0 
1037 0 0 
1038 0 0 
1039 0 0 
1040 0.299 0.771 
1041 0.291 0.87 
1042 0 0 
1043 0 0 
1044 0 0 
1045 0.308 0.756 
1046 0.283 0.834 
1047 0 0 
1048 0 0 
1049 0 0 
1050 0.321 1.999 
1051 0 0 
1052 0 0 
1053 0 0 
1054 0.306 0.707 
1055 0.298 1.663 
1056 0 0 
1057 0 0 
1058 0.225 0.902 
1059 0 0 
1060 0.245 3.44 
1061 0 0 
1062 0 0 
1063 0 0 
1064 0.3 2.361 
1065 0.308 2.305 
1066 0 0 
1067 0 0 
1068 0 0 
1069 0 0 
1070 0.261 1.4 
1071 0.31 1.579 
1072 0.296 1.375 
1073 0 0 
1074 0 0 
1075 0.281 1.265 
1076 0 0 
1077 0 0 
1078 0 0 
1079 0 0 
1080 0.32 1.119 
1081 0 0 
1082 0 0 
1083 0 0 
1084 0 0 
1085 0.342 0.983 
1086 0 0 
1087 0.258 0.847 
1088 0 0 
1089 0 0 
1090 0.337 12.764 
1091 0 0 
1092 0.304 0.948 
1093 0 0 
1094 0 0 
1095 0.338 5.434 
1096 0 0 
1097 0 0 
1098 0 0 
1099 0 0 
1100 0.358 4.337 
1101 0 0 
1102 0.315 1.07 
1103 0 0 
1104 0.337 2.96 
1105 0.251 0.847 
1106 0 0 
1107 0 0 
1108 0 0 
1109 0.258 3.957 
1110 0.309 1.113 
1111 0.332 3.076 
1112 0 0 
1113 0 0 
1114 0 0 
1115 0.253 0.855 
1116 0 0 
1117 0 0 
1118 0 0 
1119 0 0 
1120 0.378 1.697 
1121 0 0 
1122 0 0 
1123 0 0 
1124 0 0 
1125 0.27 0.625 
1126 0 0 
1127 0 0 
1128 0 0 
1129 0.301 1.294 
1130 0.296 0.645 
1131 0.309 1.021 
1132 0 0 
1133 0.3 0.904 
1134 0 0 
1135 0.327 0.901 
1136 0 0 
1137 0 0 
1138 0 0 
1139 0 0 
1140 0.335 0.912 
1141 0 0 
1142 0 0 
1143 0 0 
1144 0.269 0.857 
1145 0.346 0.914 
1146 0 0 
1147 0 0 
1148 0.348 0.941 
1149 0 0 
1150 0.332 0.911 
1151 0 0 
1152 0.34 0.821 
1153 0 0 
1154 0 0 
1155 0.335 0.735 
1156 0 0 
1157 0 0 
1158 0 0 
1159 0 0 
1160 0.35 0.747 
1161 0 0 
1162 0 0 
1163 0 0 
1164 0 0 
1165 0.412 0.829 
1166 0.397 0.732 
1167 0 0 
1168 0 0 
1169 0.365 0.738 
1170 0.393 0.804 
1171 0 0 
1172 0 0 
1173 0 0 
1174 0 0 
1175 0.415 0.757 
1176 0 0 
1177 0.347 1.123 
1178 0 0 
1179 0.352 0.786 
1180 0.339 1.037 
1181 0 0 
1182 0 0 
1183 0 0 
1184 0.289 0.756 
1185 0.362 0.975 
1186 0 0 
1187 0 0 
1188 0 0 
1189 0.317 0.656 
1190 0.329 0.813 
1191 0 0 
1192 0 0 
1193 0.321 0.656 
1194 0 0 
1195 0.281 2.451 
1196 0 0 
1197 0 0 
1198 0 0 
1199 0.295 1.242 
1200 0.324 0.667 
1201 0 0 
1202 0 0 
1203 0 0 
1204 0 0 
1205 0.293 0.884 
1206 0 0 
1207 0 0 
1208 0 0 
1209 0 0 
1210 0.235 0.632 
1211 0 0 
1212 0 0 
1213 0 0 
1214 0 0 
1215 0.261 0.626 
1216 0 0 
1217 0.268 0.67 
1218 0 0 
1219 0.284 0.659 
1220 0.306 0.66 
1221 0 0 
1222 0 0 
1223 0 0 
1224 0 0 
1225 0.26 6.723 
1226 0 0 
1227 0 0 
1228 0 0 
1229 0 0 
1230 0.278 0.732 
1231 0.284 6.605 
1232 0 0 
1233 0.275 1.085 
1234 0 0 
1235 0.258 2.277 
1236 0.274 2.267 
1237 0 0 
1238 0.238 2.084 
1239 0 0 
1240 0.261 2.082 
1241 0 0 
1242 0 0 
1243 0 0 
1244 0 0 
1245 0.287 1.416 
1246 0 0 
1247 0 0 
1248 0.235 0.999 
1249 0 0 
1250 0.275 1.236 
1251 0 0 
1252 0 0 
1253 0 0 
1254 0.222 0.895 
1255 0.31 0.908 
1256 0 0 
1257 0 0 
1258 0 0 
1259 0 0 
1260 0.302 1.104 
1261 0.294 0.864 
1262 0 0 
1263 0.258 1.055 
1264 0 0 
1265 0.317 0.893 
1266 0.303 1.115 
1267 0 0 
1268 0 0 
1269 0 0 
1270 0.315 0.806 
1271 0 0 
1272 0 0 
1273 0 0 
1274 0 0 
1275 0.297 0.805 
1276 0 0 
1277 0.236 0.76 
1278 0 0 
1279 0.233 0.812 
1280 0.251 0.747 
1281 0 0 
1282 0 0 
1283 0 0 
1284 0 0 
1285 0.275 1.13 
1286 0 0 
1287 0 0 
1288 0 0 
1289 0 0 
1290 0.355 1.044 
1291 0 0 
1292 0 0 
1293 0 0 
1294 0 0 
1295 0.372 0.939 
1296 0 0 
1297 0 0 
1298 0 0 
1299 0 0 
1300 0.37 0.828 
1301 0.344 0.955 
1302 0 0 
1303 0 0 
1304 0 0 
1305 0.356 0.911 
1306 0 0 
1307 0.342 0.965 
1308 0 0 
1309 0 0 
1310 0.25 0.752 
1311 0 0 
1312 0 0 
1313 0 0 
1314 0 0 
1315 0.314 0.846 
1316 0 0 
1317 0 0 
1318 0 0 
1319 0 0 
1320 0.295 0.808 
1321 0 0 
1322 0 0 
1323 0.316 0.787 
1324 0 0 
1325 0.319 0.835 
1326 0.356 0.795 
1327 0 0 
1328 0 0 
1329 0 0 
1330 0.259 0.723 
1331 0 0 
1332 0 0 
1333 0 0 
1334 0.334 0.825 
1335 0.333 0.8 
1336 0 0 
1337 0.322 0.77 
1338 0 0 
1339 0 0 
1340 0.335 0.81 
1341 0 0 
1342 0 0 
1343 0 0 
1344 0 0 
1345 0.256 0.788 
1346 0.295 1.051 
1347 0 0 
1348 0 0 
1349 0 0 
1350 0.353 0.993 
1351 0 0 
1352 0 0 
1353 0 0 
1354 0 0 
1355 0.337 0.78 
1356 0.345 0.831 
1357 0 0 
1358 0.321 0.72 
1359 0 0 
1360 0.356 0.698 
1361 0.251 0.616 
1362 0 0 
1363 0 0 
1364 0 0 
1365 0.289 3.505 
1366 0.315 0.784 
1367 0 0 
1368 0 0 
1369 0 0 
1370 0.335 0.772 
1371 0 0 
1372 0 0 
1373 0 0 
1374 0.289 0.71 
1375 0.316 0.629 
1376 0.28 0.614 
1377 0 0 
1378 0 0 
1379 0 0 
1380 0.249 0.556 
1381 0 0 
1382 0 0 
1383 0.25 0.562 
1384 0 0 
1385 0.26 0.555 
1386 0 0 
1387 0 0 
1388 0 0 
1389 0 0 
1390 0.246 1.39 
1391 0.258 0.57 
1392 0 0 
1393 0 0 
1394 0.264 0.929 
1395 0.328 0.58 
1396 0.248 0.751 
1397 0 0 
1398 0.267 0.619 
1399 0 0 
1400 0.261 0.685 
1401 0.295 0.644 
1402 0 0 
1403 0 0 
1404 0 0 
1405 0.309 0.694 
1406 0 0 
1407 0 0 
1408 0 0 
1409 0 0 
1410 0.331 0.78 
1411 0 0 
1412 0 0 
1413 0 0 
1414 0 0 
1415 0.35 1.592 
1416 0 0 
1417 0.346 1.25 
1418 0 0 
1419 0 0 
1420 0.345 1.008 
1421 0 0 
1422 0 0 
1423 0 0 
1424 0 0 
1425 0.352 0.866 
1426 0 0 
1427 0 0 
1428 0 0 
1429 0 0 
1430 0.33 0.808 
1431 0.298 0.92 
1432 0.25 0.71 
1433 0 0 
1434 0 0 
1435 0.287 0.877 
1436 0 0 
1437 0 0 
1438 0.317 0.86 
1439 0 0 
1440 0.27 1.069 
1441 0 0 
1442 0.297 0.903 
1443 0 0 
1444 0 0 
1445 0.312 0.772 
1446 0 0 
1447 0 0 
1448 0 0 
1449 0 0 
1450 0.308 0.764 
1451 0 0 
1452 0 0 
1453 0 0 
1454 0 0 
1455 0.328 0.686 
1456 0 0 
1457 0 0 
1458 0 0 
1459 0.32 0.606 
1460 0.325 0.627 
1461 0.317 1.186 
1462 0 0 
1463 0 0 
1464 0 0 
1465 0.296 0.753 
1466 0.308 1.675 
1467 0.257 0.783 
1468 0 0 
1469 0 0 
1470 0.286 1.456 
1471 0 0 
1472 0 0 
1473 0 0 
1474 0 0 
1475 0.287 0.825 
1476 0 0 
1477 0 0 
1478 0 0 
1479 0 0 
1480 0.273 1.615 
1481 0 0 
1482 0 0 
1483 0 0 
1484 0 0 
1485 0.345 0.949 
1486 0 0 
1487 0 0 
1488 0 0 
1489 0 0 
1490 0.337 0.895 
1491 0 0 
1492 0 0 
1493 0 0 
1494 0.347 0.836 
1495 0.424 0.807 
1496 0 0 
1497 0 0 
1498 0.347 0.807 
1499 0 0 
1500 0.327 0.769 
1501 0 0 
1502 0 0 
1503 0 0 
1504 0 0 
1505 0.261 0.915 
1506 0 0 
1507 0 0 
1508 0 0 
1509 0.275 1.381 
1510 0.426 1.206 
1511 0 0 
1512 0 0 
1513 0 0 
1514 0 0 
1515 0.392 1.279 
1516 0.386 1.124 
1517 0 0 
1518 0 0 
1519 0.33 1.14 
1520 0.382 1.226 
1521 0 0 
1522 0 0 
1523 0 0 
1524 0 0 
1525 0.384 1.405 
1526 0 0 
1527 0 0 
1528 0 0 
1529 0 0 
1530 0.265 0.973 
1531 0 0 
1532 0 0 
1533 0 0 
1534 0 0 
1535 0.404 6.031 
1536 0 0 
1537 0 0 
1538 0 0 
1539 0 0 
1540 0.325 0.964 
1541 0 0 
1542 0 0 
1543 0 0 
1544 0 0 
1545 0.41 3.626 
1546 0.395 0.965 
1547 0 0 
1548 0 0 
1549 0 0 
1550 0.404 1.791 
1551 0.334 0.833 
1552 0.261 2.816 
1553 0 0 
1554 0 0 
1555 0.265 0.75 
1556 0 0 
1557 0.359 2.168 
1558 0.254 0.781 
1559 0 0 
1560 0.287 0.607 
1561 0.277 0.84 
1562 0 0 
1563 0 0 
1564 0 0 
1565 0.414 1.9 
1566 0 0 
1567 0.383 8.007 
1568 0.271 6.614 
1569 0 0 
1570 0.383 13.765 
1571 0 0 
1572 0 0 
1573 0.262 2.009 
1574 0 0 
1575 0.486 1.372 
1576 0 0 
1577 0 0 
1578 0 0 
1579 0 0 
1580 0.401 1.681 
1581 0 0 
1582 0 0 
1583 0 0 
1584 0 0 
1585 0.406 1.653 
1586 0 0 
1587 0 0 
1588 0 0 
1589 0 0 
1590 0.41 1.414 
1591 0 0 
1592 0 0 
1593 0 0 
1594 0 0 
1595 0.419 1.733 
1596 0.377 1.218 
1597 0 0 
1598 0 0 
1599 0 0 
1600 0.283 0.96 
1601 0.406 1.356 
1602 0 0 
1603 0 0 
1604 0 0 
1605 0.412 1.169 
1606 0 0 
1607 0 0 
1608 0.437 1.737 
1609 0.402 1.123 
1610 0.435 1.193 
1611 0 0 
1612 0 0 
1613 0 0 
1614 0 0 
1615 0.403 1.09 
1616 0.419 1.47 
1617 0 0 
1618 0 0 
1619 0.382 1.27 
1620 0.425 1.227 
1621 0 0 
1622 0.367 0.924 
1623 0 0 
1624 0 0 
1625 0.265 0.912 
1626 0 0 
1627 0.41 0.987 
1628 0 0 
1629 0 0 
1630 0.399 1.01 
1631 0 0 
1632 0 0 
1633 0 0 
1634 0 0 
1635 0.393 0.815 
1636 0 0 
1637 0 0 
1638 0 0 
1639 0.375 1.782 
1640 0.355 1.227 
1641 0.377 3.645 
1642 0 0 
1643 0 0 
1644 0 0 
1645 0.426 1.166 
1646 0 0 
1647 0 0 
1648 0.26 1.354 
1649 0.369 0.779 
1650 0.258 1.383 
1651 0 0 
1652 0 0 
1653 0 0 
1654 0 0 
1655 0.414 0.867 
1656 0 0 
1657 0 0 
1658 0 0 
1659 0 0 
1660 0.252 0.785 
1661 0 0 
1662 0.401 1.014 
1663 0 0 
1664 0 0 
1665 0.383 0.942 
1666 0 0 
1667 0 0 
1668 0 0 
1669 0 0 
1670 0.408 0.822 
1671 0.376 1.049 
1672 0 0 
1673 0 0 
1674 0.239 0.585 
1675 0.262 0.795 
1676 0 0 
1677 0 0 
1678 0 0 
1679 0 0 
1680 0.365 0.973 
1681 0 0 
1682 0 0 
1683 0 0 
1684 0 0 
1685 0.387 2.495 
1686 0.389 6.833 
1687 0.42 3.396 
1688 0 0 
1689 0 0 
1690 0.262 2.113 
1691 0 0 
1692 0 0 
1693 0 0 
1694 0 0 
1695 0.289 0.685 
1696 0 0 
1697 0 0 
1698 0 0 
1699 0 0 
1700 0.313 0.796 
1701 0 0 
1702 0 0 
1703 0 0 
1704 0 0 
1705 0.363 5.018 
1706 0 0 
1707 0 0 
1708 0.289 3.588 
1709 0 0 
1710 0.424 3.243 
1711 0.372 2.122 
1712 0 0 
1713 0.399 2.898 
1714 0 0 
1715 0.409 2.137 
1716 0.381 2.011 
1717 0 0 
1718 0 0 
1719 0 0 
1720 0.421 1.387 
1721 0.398 1.467 
1722 0 0 
1723 0 0 
1724 0 0 
1725 0.423 1.092 
1726 0 0 
1727 0 0 
1728 0.395 1.026 
1729 0 0 
1730 0.409 0.978 
1731 0 0 
1732 0 0 
1733 0 0 
1734 0.36 0.821 
1735 0.363 0.944 
1736 0.359 0.88 
1737 0 0 
1738 0.336 0.766 
1739 0 0 
1740 0.318 0.911 
1741 0 0 
1742 0 0 
1743 0 0 
1744 0.299 0.827 
1745 0.471 1.003 
1746 0 0 
1747 0 0 
1748 0 0 
1749 0 0 
1750 0.332 1.162 
1751 0.347 0.79 
1752 0 0 
1753 0 0 
1754 0 0 
1755 0.24 0.667 
1756 0 0 
1757 0.282 0.72 
1758 0.32 0.733 
1759 0 0 
1760 0.255 0.654 
1761 0 0 
1762 0 0 
1763 0 0 
1764 0.331 0.814 
1765 0.356 0.825 
1766 0 0 
1767 0 0 
1768 0.245 0.682 
1769 0 0 
1770 0.248 0.68 
1771 0.348 0.792 
1772 0 0 
1773 0 0 
1774 0 0 
1775 0.349 1.068 
1776 0 0 
1777 0 0 
1778 0 0 
1779 0 0 
1780 0.374 0.828 
1781 0 0 
1782 0 0 
1783 0.361 0.887 
1784 0 0 
1785 0.252 0.618 
1786 0 0 
1787 0 0 
1788 0.232 0.621 
1789 0 0 
1790 0.253 0.662 
1791 0 0 
1792 0 0 
1793 0.331 0.85 
1794 0 0 
1795 0.391 0.81 
1796 0 0 
1797 0 0 
1798 0 0 
1799 0 0 
1800 0.393 0.794 
1801 0 0 
1802 0.379 0.779 
1803 0.351 0.673 
1804 0 0 
1805 0.329 0.683 
1806 0 0 
1807 0 0 
1808 0.324 0.675 
1809 0 0 
1810 0.334 1.511 
1811 0 0 
1812 0 0 
1813 0 0 
1814 0 0 
1815 0.335 0.735 
1816 0 0 
1817 0 0 
1818 0.307 0.977 
1819 0 0 
1820 0.361 0.67 
1821 0 0 
1822 0.248 0.678 
1823 0 0 
1824 0 0 
1825 0.379 0.702 
1826 0 0 
1827 0 0 
1828 0 0 
1829 0 0 
1830 0.359 0.751 
1831 0.39 0.683 
1832 0.326 0.715 
1833 0 0 
1834 0 0 
1835 0.391 0.622 
1836 0.33 0.63 
1837 0 0 
1838 0 0 
1839 0 0 
1840 0.313 0.527 
1841 0 0 
1842 0 0 
1843 0 0 
1844 0 0 
1845 0.332 0.704 
1846 0 0 
1847 0 0 
1848 0 0 
1849 0 0 
1850 0.278 0.586 
1851 0 0 
1852 0 0 
1853 0 0 
1854 0.284 0.769 
1855 0.31 0.786 
1856 0 0 
1857 0 0 
1858 0 0 
1859 0 0 
1860 0.26 1.673 
1861 0 0 
1862 0 0 
1863 0 0 
1864 0 0 
1865 0.39 0.967 
1866 0 0 
1867 0 0 
1868 0 0 
1869 0 0 
1870 0.349 1.242 
1871 0 0 
1872 0 0 
1873 0.36 0.827 
1874 0 0 
1875 0.349 0.987 
1876 0 0 
1877 0 0 
1878 0 0 
1879 0 0 
1880 0.386 0.758 
1881 0 0 
1882 0 0 
1883 0.355 0.697 
1884 0.239 0.582 
1885 0.26 0.721 
1886 0 0 
1887 0 0 
1888 0 0 
1889 0.225 0.63 
1890 0.35 0.673 
1891 0 0 
1892 0 0 
1893 0 0 
1894 0 0 
1895 0.373 0.791 
1896 0 0 
1897 0 0 
1898 0 0 
1899 0.382 0.909 
1900 0.37 0.858 
1901 0 0 
1902 0 0 
1903 0 0 
1904 0 0 
1905 0.4 0.886 
1906 0 0 
1907 0 0 
1908 0 0 
1909 0 0 
1910 0.386 0.975 
1911 0 0 
1912 0.283 0.729 
1913 0.329 0.824 
1914 0 0 
1915 0.391 0.774 
1916 0 0 
1917 0.372 0.755 
1918 0 0 
1919 0 0 
1920 0.341 0.643 
1921 0 0 
1922 0 0 
1923 0.354 0.662 
1924 0 0 
1925 0.336 0.655 
1926 0 0 
1927 0 0 
1928 0.328 0.691 
1929 0.329 0.799 
1930 0.347 0.773 
1931 0 0 
1932 0 0 
1933 0 0 
1934 0.326 0.875 
1935 0.329 0.81 
1936 0 0 
1937 0 0 
1938 0.309 0.813 
1939 0 0 
1940 0.305 0.85 
1941 0 0 
1942 0 0 
1943 0 0 
1944 0 0 
1945 0.336 1.317 
1946 0 0 
1947 0 0 
1948 0 0 
1949 0 0 
1950 0.347 1.112 
1951 0 0 
1952 0 0 
1953 0 0 
1954 0 0 
1955 0.362 0.967 
1956 0 0 
1957 0 0 
1958 0 0 
1959 0 0 
1960 0.233 0.783 
1961 0.428 0.849 
1962 0.271 0.798 
1963 0 0 
1964 0 0 
1965 0.26 0.563 
1966 0 0 
1967 0 0 
1968 0.28 0.714 
1969 0.33 0.753 
1970 0.257 0.657 
1971 0 0 
1972 0 0 
1973 0.246 0.529 
1974 0 0 
1975 0.261 2.299 
1976 0 0 
1977 0 0 
1978 0.343 0.663 
1979 0 0 
1980 0.243 1.046 
1981 0 0 
1982 0 0 
1983 0.295 5.136 
1984 0 0 
1985 0.31 1.656 
1986 0.3 2.773 
1987 0 0 
1988 0 0 
1989 0 0 
1990 0.305 1.523 
1991 0 0 
1992 0 0 
1993 0 0 
1994 0 0 
1995 0.308 1.562 
1996 0.315 1.394 
1997 0 0 
1998 0 0 
1999 0 0 
2000 0.239 1.183 
2001 0 0 
2002 0.245 0.976 
2003 0 0 
2004 0 0 
2005 0.25 0.748 
2006 0.351 0.82 
2007 0 0 
2008 0 0 
2009 0 0 
2010 0.257 0.661 
2011 0 0 
2012 0 0 
2013 0 0 
2014 0 0 
2015 0.258 0.703 
2016 0 0 
2017 0 0 
2018 0 0 
2019 0 0 
2020 0.355 0.773 
2021 0 0 
2022 0 0 
2023 0 0 
2024 0 0 
2025 0.262 0.598 
2026 0.347 0.894 
2027 0 0 
2028 0 0 
2029 0.29 0.693 
2030 0.251 0.58 
2031 0 0 
2032 0 0 
2033 0 0 
2034 0.249 0.792 
2035 0.342 0.691 
2036 0.248 0.616 
2037 0 0 
2038 0 0 
2039 0 0 
2040 0.238 0.665 
2041 0 0 
2042 0 0 
2043 0 0 
2044 0 0 
2045 0.402 0.93 
2046 0 0 
2047 0 0 
2048 0 0 
2049 0 0 
2050 0.369 0.993 
2051 0 0 
2052 0 0 
2053 0 0 
2054 0 0 
2055 0.381 0.912 
2056 0.236 0.927 
2057 0 0 
2058 0 0 
2059 0.318 0.822 
2060 0.348 0.961 
2061 0 0 
2062 0 0 
2063 0 0 
2064 0 0 
2065 0.369 1.19 
2066 0.341 1.016 
2067 0 0 
2068 0 0 
2069 0 0 
2070 0.375 1.092 
2071 0 0 
2072 0 0 
2073 0 0 
2074 0 0 
2075 0.385 0.894 
2076 0 0 
2077 0 0 
2078 0.353 2.936 
2079 0 0 
2080 0.357 0.934 
2081 0 0 
2082 0 0 
2083 0 0 
2084 0.319 1.941 
2085 0.391 0.942 
2086 0 0 
2087 0 0 
2088 0 0 
2089 0.239 1.344 
2090 0.227 0.679 
2091 0 0 
2092 0 0 
2093 0 0 
2094 0 0 
2095 0.323 2.002 
2096 0 0 
2097 0.346 1.444 
2098 0 0 
2099 0 0 
2100 0.355 1.533 
2101 0 0 
2102 0.312 1.153 
2103 0 0 
2104 0.327 1.055 
2105 0.31 1.174 
2106 0 0 
2107 0 0 
2108 0 0 
2109 0 0 
2110 0.332 0.967 
2111 0 0 
2112 0.31 1.045 
2113 0.221 0.598 
2114 0 0 
2115 0.226 0.665 
2116 0 0 
2117 0 0 
2118 0 0 
2119 0 0 
2120 0.217 4.384 
2121 0 0 
2122 0 0 
2123 0 0 
2124 0 0 
2125 0.352 3.808 
2126 0 0 
2127 0 0 
2128 0 0 
2129 0 0 
2130 0.459 1.54 
2131 0 0 
2132 0 0 
2133 0 0 
2134 0 0 
2135 0.397 1.406 
2136 0 0 
2137 0 0 
2138 0 0 
2139 0 0 
2140 0.392 1.443 
2141 0 0 
2142 0 0 
2143 0 0 
2144 0 0 
2145 0.402 1.208 
2146 0 0 
2147 0 0 
2148 0 0 
2149 0.392 1.38 
2150 0.273 1.007 
2151 0 0 
2152 0.402 1.294 
2153 0 0 
2154 0 0 
2155 0.458 1.39 
2156 0 0 
2157 0 0 
2158 0 0 
2159 0.459 1.28 
2160 0.457 1.469 
2161 0 0 
2162 0 0 
2163 0 0 
2164 0.434 1.026 
2165 0.301 1.132 
2166 0.309 0.978 
2167 0 0 
2168 0 0 
2169 0 0 
2170 0.405 1.188 
2171 0.465 1.204 
2172 0 0 
2173 0 0 
2174 0 0 
2175 0.373 1.014 
2176 0 0 
2177 0 0 
2178 0 0 
2179 0 0 
2180 0.377 0.903 
2181 0.352 1.383 
2182 0 0 
2183 0 0 
2184 0.354 0.979 
2185 0.337 1.224 
2186 0 0 
2187 0 0 
2188 0.276 1.056 
2189 0.232 0.783 
2190 0.333 0.91 
2191 0 0 
2192 0 0 
2193 0 0 
2194 0 0 
2195 0.309 0.968 
2196 0.37 1.118 
2197 0 0 
2198 0 0 
2199 0 0 
2200 0.351 0.887 
2201 0 0 
2202 0.374 0.815 
2203 0 0 
2204 0 0 
2205 0.343 1.287 
2206 0.357 1.235 
2207 0 0 
2208 0.345 1.281 
2209 0 0 
2210 0.369 1.045 
2211 0 0 
2212 0.322 0.817 
2213 0 0 
2214 0 0 
2215 0.284 1.058 
2216 0 0 
2217 0 0 
2218 0 0 
2219 0 0 
2220 0.359 1.045 
2221 0 0 
2222 0.37 1.054 
2223 0 0 
2224 0 0 
2225 0.373 1.021 
2226 0 0 
2227 0 0 
2228 0.25 0.769 
2229 0 0 
2230 0.299 0.939 
2231 0 0 
2232 0 0 
2233 0 0 
2234 0 0 
2235 0.391 0.947 
2236 0 0 
2237 0.25 0.777 
2238 0 0 
2239 0 0 
2240 0.252 2.74 
2241 0 0 
2242 0 0 
2243 0 0 
2244 0 0 
2245 0.368 1.133 
2246 0.336 2.131 
2247 0 0 
2248 0 0 
2249 0 0 
2250 0.295 0.92 
2251 0.342 1.176 
2252 0 0 
2253 0 0 
2254 0 0 
2255 0.269 0.633 
2256 0.283 0.771 
2257 0 0 
2258 0.325 0.805 
2259 0 0 
2260 0.345 0.75 
2261 0 0 
2262 0.324 0.814 
2263 0.314 0.72 
2264 0 0 
2265 0.261 0.513 
2266 0 0 
2267 0 0 
2268 0 0 
2269 0 0 
2270 0.23 0.448 
2271 0 0 
2272 0 0 
2273 0 0 
2274 0 0 
2275 0.283 0.637 
2276 0 0 
2277 0 0 
2278 0 0 
2279 0.302 0.857 
2280 0.3 0.716 
2281 0 0 
2282 0 0 
2283 0 0 
2284 0 0 
2285 0.33 2.738 
2286 0 0 
2287 0 0 
2288 0.326 0.925 
2289 0 0 
2290 0.359 1.99 
2291 0 0 
2292 0 0 
2293 0.44 1.025 
2294 0 0 
2295 0.356 2.119 
2296 0 0 
2297 0 0 
2298 0 0 
2299 0 0 
2300 0.38 0.976 
2301 0 0 
2302 0 0 
2303 0 0 
2304 0.348 1.004 
2305 0.356 5.462 
2306 0 0 
2307 0 0 
2308 0 0 
2309 0 0 
2310 0.283 2.506 
2311 0 0 
2312 0 0 
2313 0.259 2.674 
2314 0 0 
2315 0.234 1.663 
2316 0.357 1.957 
2317 0.325 1.483 
2318 0 0 
2319 0 0 
2320 0.264 1.161 
2321 0 0 
2322 0 0 
2323 0 0 
2324 0 0 
2325 0.32 0.861 
2326 0 0 
2327 0 0 
2328 0.269 0.933 
2329 0 0 
2330 0.296 1.178 
2331 0 0 
2332 0 0 
2333 0 0 
2334 0 0 
2335 0.338 1.542 
2336 0 0 
2337 0 0 
2338 0 0 
2339 0.343 0.925 
2340 0.342 1.364 
2341 0 0 
2342 0 0 
2343 0 0 
2344 0 0 
2345 0.253 0.881 
2346 0 0 
2347 0 0 
2348 0.238 1.018 
2349 0 0 
2350 0.367 0.888 
2351 0.265 0.761 
2352 0 0 
2353 0 0 
2354 0 0 
2355 0.302 0.729 
2356 0.3 0.872 
2357 0.304 1.237 
2358 0 0 
2359 0 0 
2360 0.301 0.669 
2361 0 0 
2362 0 0 
2363 0 0 
2364 0 0 
2365 0.311 0.866 
2366 0.31 0.884 
2367 0 0 
2368 0 0 
2369 0 0 
2370 0.351 0.819 
2371 0 0 
2372 0 0 
2373 0 0 
2374 0 0 
2375 0.343 0.718 
2376 0.377 0.738 
2377 0.283 0.767 
2378 0 0 
2379 0 0 
2380 0.375 0.871 
2381 0 0 
2382 0 0 
2383 0 0 
2384 0.371 0.837 
2385 0.387 0.777 
2386 0 0 
2387 0.377 0.822 
2388 0.315 0.815 
2389 0 0 
2390 0.334 0.906 
2391 0 0 
2392 0 0 
2393 0.311 0.952 
2394 0 0 
2395 0.321 0.95 
2396 0 0 
2397 0 0 
2398 0 0 
2399 0 0 
2400 0.263 0.929 
2401 0 0 
2402 0 0 
2403 0 0 
2404 0 0 
2405 0.306 1.116 
2406 0 0 
2407 0 0 
2408 0 0 
2409 0 0 
2410 0.375 1.244 
2411 0 0 
2412 0 0 
2413 0 0 
2414 0 0 
2415 0.341 1.226 
2416 0 0 
2417 0 0 
2418 0 0 
2419 0 0 
2420 0.408 1.139 
2421 0 0 
2422 0 0 
2423 0 0 
2424 0 0 
2425 0.313 6.495 
2426 0 0 
2427 0 0 
2428 0 0 
2429 0 0 
2430 0.267 1.137 
2431 0 0 
2432 0 0 
2433 0.357 1.411 
2434 0 0 
2435 0.399 1.881 
2436 0 0 
2437 0 0 
2438 0 0 
2439 0 0 
2440 0.261 2.397 
2441 0.285 1.288 
2442 0 0 
2443 0 0 
2444 0.311 1.69 
2445 0.277 0.812 
2446 0 0 
2447 0.322 1.314 
2448 0 0 
2449 0.352 1.033 
2450 0.245 0.706 
2451 0.276 0.913 
2452 0 0 
2453 0 0 
2454 0 0 
2455 0.276 0.882 
2456 0 0 
2457 0 0 
2458 0 0 
2459 0 0 
2460 0.349 0.778 
2461 0.329 0.939 
2462 0 0 
2463 0 0 
2464 0 0 
2465 0.4 3.595 
2466 0.381 1.091 
2467 0.378 0.92 
2468 0.369 0.97 
2469 0.289 0.799 
2470 0.365 1.189 
2471 0 0 
2472 0 0 
2473 0 0 
2474 0 0 
2475 0.382 2.489 
2476 0 0 
2477 0 0 
2478 0 0 
2479 0 0 
2480 0.288 0.716 
2481 0 0 
2482 0 0 
2483 0 0 
2484 0 0 
2485 0.404 3.391 
2486 0 0 
2487 0.269 1.421 
2488 0 0 
2489 0.262 0.684 
2490 0.388 0.841 
2491 0.385 0.803 
2492 0 0 
2493 0.239 0.633 
2494 0 0 
2495 0.311 0.762 
2496 0 0 
2497 0 0 
2498 0 0 
2499 0 0 
2500 0 0 
2501 0.328 0.599 
2502 0 0 
2503 0 0 
2504 0 0 
2505 0.25 0.442 
2506 0 0 
2507 0 0 
2508 0 0 
2509 0 0 
2510 0 0 
2511 0 0 
