21 35 10
240,2,0;204,4,2;270,10,6;338,14,4;338,14,0;269,19,3;263,25,6;328,32,7;324,36,4;252,40,4;322,42,2;386,50,8;351,51,1;36,60,9;71,61,1;214,68,7;211,71,3;182,78,7;183,79,1;36,90,11;110,96,6;352,106,10;387,107,1;600,116,9;600,116,0;386,126,10;386,126,0;603,140,13;673,146,6;532,153,7;565,156,3;110,169,13;214,173,4;47,186,13;48,187,1;190,197,10;191,198,1;479,214,16;478,215,1;263,228,13;263,228,0;393,243,14;394,244,1;674,258,14;673,259,1;465,271,12;463,275,2;142,290,15;106,292,2;256,306,14;258,308,2;410,324,16;412,326,2;127,341,15;128,342,1;325,361,19;323,363,2;198,382,19;126,386,4;479,407,21;405,413,6;99,431,18;99,431,0;186,453,21;117,456,3;478,477,21;478,477,0;667,505,27;597,507,2;188,532,23;188,532,0;688,564,24;692,568,4;199,587,19;130,590,3;683,615,25;686,618,3;198,642,24;169,649,7;539,677,26;538,678,1;453,701,23;488,702,1;608,726,24;541,731,5;137,759,28;172,760,1;540,788,28;551,799,11;456,826,27;352,830,4;57,859,29;58,860,1;492,894,34;352,898,4;589,931,33;625,933,2;327,959,26;382,982,21;182,1014,30;62,1038,24;672,1076,38;690,1094,18;71,1135,41;71,1135,0;
421,2,0;456,3,1;422,5,2;529,10,5;495,12,2;425,14,2;322,19,5;319,22,3;285,24,2;495,30,6;635,34,4;534,41,7;607,46,5;602,51,5;602,51,0;541,62,11;543,64,2;330,73,9;334,77,4;341,84,7;340,85,1;549,98,13;550,99,1;453,110,11;522,113,3;103,126,13;243,130,4;551,146,16;550,147,1;537,160,13;537,160,0;191,177,16;193,179,2;338,191,11;336,193,2;118,210,14;115,213,3;325,227,14;323,229,2;526,242,13;561,243,1;110,260,17;179,263,3;194,278,15;123,281,3;37,299,18;37,299,0;190,317,17;121,320,3;410,341,17;411,342,1;189,361,18;120,364,3;680,384,20;681,385,1;120,409,19;117,412,3;386,431,19;390,435,4;407,452,17;404,455,3;59,478,19;57,480,2;470,501,19;468,503,2;667,520,17;600,525,5;480,549,24;412,553,4;118,575,22;121,578,3;622,605,25;622,605,0;333,625,19;471,631,6;110,652,21;40,654,2;471,677,23;468,680,3;622,698,18;621,699,1;102,720,21;207,723,3;113,749,26;112,750,1;613,775,25;618,780,5;285,807,27;214,810,3;62,838,28;59,841,3;425,871,30;425,871,0;694,903,31;695,904,1;533,930,26;621,950,20;352,981,31;247,984,3;691,1020,36;695,1024,4;387,1060,36;621,1090,30;42,1125,35;42,1125,0;43,1134,1;44,1136,1;
131,4,0;137,10,6;102,11,1;200,21,10;199,22,1;309,30,8;379,32,2;67,44,12;60,51,7;53,58,7;51,60,2;55,64,4;54,65,1;259,76,11;327,80,4;460,91,11;425,92,1;112,103,11;113,104,1;463,118,14;463,118,0;182,130,11;320,136,6;526,146,10;634,152,6;609,163,11;536,168,5;329,183,15;329,183,0;246,199,15;211,200,1;465,216,16;466,217,1;477,228,11;408,231,3;609,246,15;681,252,6;328,267,15;328,267,0;609,284,15;608,285,1;592,305,20;627,306,1;272,321,15;310,325,4;546,343,16;547,345,1;355,367,22;319,369,2;263,385,16;335,389,4;684,409,15;686,413,2;379,430,17;379,430,0;119,453,22;119,453,0;616,475,21;613,478,3;49,501,20;46,504,3;464,524,20;465,525,1;187,543,18;118,546,3;686,570,24;686,570,0;124,593,22;125,594,1;675,620,26;674,621,1;340,651,26;341,652,1;386,679,27;492,683,4;265,708,25;266,709,1;494,733,24;466,741,8;271,762,21;342,765,3;532,791,26;526,797,6;479,822,25;479,822,0;74,853,31;40,855,2;340,883,28;414,889,6;114,917,28;43,924,7;519,958,34;659,962,4;462,989,27;519,1012,23;631,1044,32;659,1076,30;215,1112,36;215,1112,0;250,1116,1;285,1126,1;320,1134,1;355,1136,1;
240,3,0;379,8,5;338,15,7;272,21,6;342,23,2;195,36,13;195,36,0;256,48,11;254,50,2;183,57,7;185,59,2;189,63,4;120,66,3;125,71,5;123,73,2;57,81,8;60,84,3;127,95,11;125,97,2;270,112,15;270,112,0;592,129,16;592,129,0;137,143,13;134,146,3;188,164,18;117,167,3;48,178,11;49,179,1;189,189,10;189,189,0;351,207,18;319,211,4;667,223,12;632,224,1;466,238,14;464,240,2;547,256,15;545,258,2;562,277,19;562,277,0;330,298,20;335,303,5;608,320,15;535,325,5;329,341,16;258,344,3;422,360,16;386,362,2;674,378,16;676,380,2;492,394,14;460,398,4;681,415,17;676,420,5;620,436,16;621,437,1;64,456,19;99,457,1;545,481,22;546,482,1;183,510,23;250,515,5;610,535,20;610,535,0;60,562,26;57,565,3;74,584,19;36,588,4;56,610,20;56,610,0;684,639,24;691,646,7;172,667,21;138,669,2;329,694,25;468,705,11;589,724,19;660,727,3;540,745,18;400,753,8;64,777,24;64,777,0;398,804,26;468,806,2;100,834,28;102,836,2;685,865,29;692,872,7;54,900,28;46,908,8;520,940,32;592,944,4;328,970,26;382,992,20;386,1024,32;592,1060,36;599,1089,29;599,1089,0;634,1113,1;635,1116,1;670,1126,1;635,1134,1;670,1136,1;
74,5,0;75,6,1;390,15,9;389,16,1;424,17,1;561,24,7;631,26,2;459,34,8;422,37,3;392,43,6;462,47,2;561,56,9;492,59,3;603,68,9;603,68,0;616,82,13;616,82,0;398,97,14;400,99,2;684,111,12;687,114,3;610,123,9;609,124,1;481,140,16;479,142,2;522,153,9;520,155,2;202,167,12;201,168,1;550,183,15;621,186,3;473,201,14;477,205,4;488,216,11;484,220,4;198,234,14;194,238,4;613,253,15;614,254,1;325,271,17;254,274,3;466,288,14;465,289,1;142,306,17;182,312,6;604,328,16;604,328,0;548,345,16;622,351,6;471,366,15;470,367,1;271,388,17;269,390,2;616,411,21;616,411,0;50,434,22;55,439,5;336,457,15;337,458,1;386,482,23;424,486,4;614,506,20;617,509,3;322,534,23;320,536,2;476,557,20;403,563,5;635,583,20;460,588,5;123,611,23;54,616,5;417,639,23;417,639,0;541,659,20;541,659,0;43,686,24;44,687,1;527,708,21;527,708,0;481,735,26;480,736,1;386,762,26;421,763,1;53,791,28;60,798,7;683,827,27;686,830,3;250,858,28;215,859,1;484,891,31;627,898,7;263,922,24;418,941,19;187,968,27;37,982,14;622,1023,41;660,1027,4;319,1062,35;103,1098,36;351,1138,40;386,-1,;
278,2,0;412,12,10;479,17,5;477,19,2;408,22,3;475,27,5;475,27,0;484,37,9;589,40,3;488,47,7;418,49,2;134,61,12;132,63,2;450,75,12;519,78,3;689,88,10;691,90,2;627,98,8;625,100,2;546,111,11;547,112,1;592,123,11;625,126,3;686,137,11;686,137,0;478,154,16;408,156,2;272,166,10;272,166,0;188,183,16;116,187,4;129,201,13;130,202,1;522,220,18;522,220,0;64,237,16;169,240,3;403,258,18;403,258,0;691,276,18;660,281,5;611,296,15;685,302,6;478,317,15;405,322,5;48,339,17;48,339,0;424,360,20;390,362,2;45,377,15;45,377,0;200,397,19;130,399,2;252,421,22;250,424,2;269,445,19;339,447,2;113,473,22;42,478,5;534,496,18;537,499,3;198,520,21;128,522,2;355,547,25;285,549,2;269,569,20;269,569,0;387,596,26;320,601,5;681,624,21;680,625,1;74,655,28;71,658,3;195,680,22;266,689,9;602,713,24;464,721,8;414,743,22;450,745,2;121,768,23;51,772,4;604,797,25;534,799,2;129,828,27;103,838,10;255,866,28;112,875,9;414,905,30;417,908,3;118,935,27;40,945,10;313,980,35;313,980,0;144,1014,33;100,1042,28;459,1079,37;459,1079,0;494,1085,1;529,1090,1;494,1113,1;529,1116,1;494,1126,1;529,1134,1;494,1136,1;
268,10,0;266,12,2;337,16,3;341,20,4;341,20,0;103,35,14;99,41,4;417,53,12;412,58,5;200,68,10;199,69,1;379,79,10;624,86,7;379,93,7;624,100,7;616,108,8;621,115,5;688,124,9;686,126,2;480,144,16;480,144,0;547,156,11;544,159,3;410,173,14;410,173,0;61,189,15;60,190,1;125,203,13;51,209,6;199,221,12;201,223,2;475,241,18;406,244,3;195,257,13;193,259,2;379,275,16;342,278,3;57,293,15;56,294,1;342,310,16;339,313,3;548,328,15;619,331,3;240,348,17;278,352,4;691,371,19;689,373,2;535,394,18;535,394,0;183,411,16;112,414,3;597,433,19;562,434,1;618,456,22;624,462,6;100,478,16;61,483,5;400,506,21;400,506,0;142,527,20;36,531,4;463,550,19;462,551,1;193,571,19;256,580,9;59,599,19;58,600,1;548,624,24;618,626,2;187,649,23;189,651,2;488,678,27;663,683,5;172,698,15;103,701,3;187,725,24;117,727,2;690,756,29;688,758,2;424,784,26;492,788,4;267,815,27;337,817,2;107,843,26;107,843,0;473,870,26;338,885,11;526,913,28;597,916,3;123,946,30;44,957,11;589,992,35;625,994,2;257,1022,28;138,1047,25;533,1084,37;533,1084,0;534,1090,1;535,1113,1;536,1116,1;537,1126,1;538,1134,1;539,1136,1;
622,6,0;619,9,3;617,11,2;547,13,2;544,16,3;616,20,4;624,28,8;551,33,5;621,35,2;450,44,9;520,46,2;410,54,8;408,56,2;331,65,9;333,67,2;339,73,6;339,73,0;195,87,14;195,87,0;406,101,13;405,102,1;540,111,9;541,112,1;267,126,14;334,131,5;325,140,9;253,144,4;188,157,11;187,158,1;130,173,15;200,175,2;403,190,15;404,191,1;678,205,14;677,206,1;544,217,11;544,217,0;417,235,17;450,238,3;333,253,15;335,255,2;49,269,14;48,270,1;252,284,14;252,284,0;268,303,16;269,304,1;590,319,15;625,320,1;64,337,17;59,342,5;114,359,17;112,361,2;561,380,19;600,385,5;686,405,18;688,407,2;396,427,20;468,431,4;51,448,17;51,448,0;548,470,21;551,475,3;258,498,21;258,498,0;605,520,21;607,522,2;195,542,20;121,548,6;677,570,22;677,570,0;259,591,20;256,594,3;481,615,21;414,620,5;121,641,21;54,646,5;534,670,24;536,672,2;198,698,22;197,699,1;632,732,33;632,732,0;121,762,29;46,772,9;275,797,25;275,797,0;43,826,28;42,827,1;340,853,26;340,853,0;492,881,28;670,889,8;309,924,35;275,926,2;495,958,32;71,974,16;484,1013,39;589,1016,3;45,1050,34;102,1073,23;600,1115,42;600,1115,0;599,1126,1;634,1134,1;599,1136,1;
552,7,0;550,9,2;619,12,3;613,18,6;608,23,5;602,29,6;604,31,2;534,33,2;536,35,2;394,47,12;398,51,4;469,54,3;468,55,1;681,66,11;680,67,1;470,77,10;473,80,3;265,92,10;264,93,1;239,104,11;239,104,0;551,117,12;551,117,0;239,130,12;202,133,3;333,148,15;334,149,1;616,163,14;546,165,2;190,182,16;193,185,3;272,198,13;342,200,2;260,214,14;256,218,4;471,231,13;400,234,3;677,249,15;676,250,1;688,262,12;692,266,4;544,280,14;614,282,2;322,304,20;390,308,4;188,322,14;185,325,3;202,344,17;204,346,2;617,365,19;622,370,5;678,390,16;677,391,1;393,407,16;390,410,3;263,428,17;257,434,6;526,453,19;527,454,1;334,477,23;333,478,1;670,501,23;673,506,3;399,526,18;468,529,3;118,547,18;43,558,11;197,576,18;132,583,7;325,606,23;324,607,1;202,629,22;272,633,4;355,658,25;390,659,1;417,686,27;417,686,0;536,712,25;536,712,0;694,735,22;695,736,1;403,756,20;397,762,6;36,783,21;107,786,3;404,811,25;480,819,8;182,845,26;182,845,0;688,878,30;695,885,7;466,910,25;533,919,9;102,956,37;172,960,2;352,996,36;453,1029,33;599,1063,34;627,1093,28;281,1133,40;281,1133,0;246,1136,1;
519,4,0;552,8,3;552,8,0;477,18,9;406,21,3;408,23,2;407,24,1;331,32,8;331,32,0;398,40,7;398,40,0;392,48,6;392,48,0;142,61,12;247,64,3;459,72,8;459,72,0;324,82,9;324,82,0;183,93,9;115,97,4;43,105,8;45,107,2;285,119,12;320,120,1;532,128,8;532,128,0;183,144,13;187,148,4;392,161,13;462,163,2;541,176,13;473,180,4;532,193,13;535,196,3;326,211,15;326,211,0;125,227,15;53,233,6;113,245,12;184,248,3;600,264,16;600,264,0;255,280,15;250,287,5;672,301,14;672,301,0;545,318,17;617,322,4;202,341,19;269,348,7;183,366,18;183,366,0;634,384,17;565,387,3;477,407,20;405,411,4;182,432,19;250,436,4;269,455,19;340,458,3;534,482,22;534,482,0;117,506,21;118,507,1;609,530,21;608,531,1;247,552,21;250,555,3;339,576,21;342,579,3;392,601,22;467,608,7;114,627,19;114,627,0;344,654,26;379,655,1;255,677,22;247,685,8;408,710,25;478,712,2;144,740,28;109,741,1;271,767,26;269,769,2;600,798,29;635,799,1;412,828,29;482,830,2;285,858,27;211,864,6;681,892,28;673,900,8;129,932,32;61,940,8;351,975,34;36,984,9;546,1018,34;663,1033,15;325,1065,32;695,1095,30;351,1133,38;387,1135,2;422,1136,1;
