0 0
1 0
2 0
3 0
4 0
5 0
6 0
7 0
8 0
9 0
10 0
11 0
12 0
13 0
14 0
15 0
16 0
17 0
18 0
19 0
20 1
21 1
22 1
23 1
24 1
25 1
26 1
27 1
28 1
29 1
30 1
31 2
32 3
33 3
34 3
35 3
36 3
37 3
38 3
39 3
40 4
41 4
42 4
43 5
44 5
45 5
46 5
47 5
48 5
49 5
50 5
51 5
52 5
53 5
54 5
55 5
56 6
57 6
58 6
59 6
60 6
61 7
62 7
63 8
64 8
65 8
66 8
67 8
68 8
69 8
70 8
71 8
72 8
73 9
74 9
75 9
76 9
77 9
78 10
79 10
80 10
81 10
82 10
83 10
84 10
85 10
86 11
87 12
88 12
89 13
90 14
91 15
92 15
93 15
94 16
95 17
96 17
97 17
98 17
99 17
100 17
101 17
102 17
103 17
104 17
105 17
106 17
107 17
108 17
109 17
110 17
111 17
112 18
113 18
114 18
115 18
116 18
117 18
118 18
119 19
120 18
121 18
122 18
123 18
124 18
125 18
126 18
127 18
128 18
129 18
130 18
131 17
132 16
133 16
134 16
135 16
136 16
137 16
138 16
139 17
140 18
141 19
142 19
143 18
144 18
145 18
146 19
147 19
148 19
149 20
150 20
151 20
152 21
153 21
154 21
155 21
156 20
157 20
158 20
159 20
160 20
161 19
162 19
163 18
164 18
165 18
166 18
167 18
168 19
169 19
170 19
171 19
172 19
173 18
174 19
175 20
176 20
177 20
178 19
179 19
180 19
181 19
182 19
183 20
184 20
185 20
186 19
187 18
188 19
189 18
190 17
191 16
192 16
193 16
194 15
195 14
196 15
197 16
198 16
199 16
200 16
201 16
202 16
203 17
204 19
205 19
206 19
207 19
208 19
209 19
210 20
211 20
212 20
213 20
214 20
215 20
216 20
217 20
218 20
219 19
220 19
221 20
222 21
223 21
224 22
225 22
226 22
227 22
228 23
229 23
230 23
231 23
232 23
233 23
234 23
235 23
236 23
237 24
238 24
239 24
240 23
241 22
242 22
243 23
244 23
245 23
246 22
247 23
248 23
249 22
250 22
251 22
252 21
253 21
254 21
255 21
256 21
257 22
258 22
259 23
260 23
261 23
262 23
263 23
264 23
265 23
266 24
267 24
268 23
269 23
270 23
271 23
272 23
273 23
274 22
275 21
276 21
277 21
278 21
279 21
280 21
281 21
282 21
283 20
284 21
285 22
286 22
287 23
288 22
289 22
290 22
291 22
292 22
293 22
294 22
295 22
296 21
297 21
298 21
299 21
300 21
301 21
302 21
303 20
304 20
305 21
306 21
307 21
308 21
309 22
310 21
311 21
312 20
313 20
314 21
315 21
316 21
317 21
318 21
319 21
320 21
321 20
322 19
323 20
324 19
325 19
326 19
327 19
328 18
329 18
330 18
331 18
332 18
333 19
334 19
335 20
336 20
337 20
338 20
339 19
340 18
341 19
342 19
343 18
344 18
345 18
346 18
347 19
348 19
349 19
350 19
351 20
352 20
353 21
354 22
355 22
356 22
357 21
358 21
359 20
360 20
361 20
362 21
363 21
364 21
365 21
366 21
367 21
368 21
369 21
370 21
371 21
372 21
373 21
374 21
375 21
376 21
377 21
378 21
379 21
380 22
381 23
382 23
383 23
384 22
385 21
386 22
387 21
388 21
389 22
390 22
391 22
392 22
393 22
394 22
395 22
396 22
397 21
398 21
399 21
400 21
401 21
402 21
403 22
404 20
405 19
406 19
407 19
408 19
409 18
410 18
411 20
412 21
413 21
414 21
415 21
416 21
417 21
418 21
419 21
420 21
421 21
422 21
423 20
424 20
425 20
426 20
427 20
428 20
429 20
430 22
431 22
432 22
433 21
434 21
435 20
436 21
437 20
438 20
439 20
440 20
441 19
442 20
443 20
444 20
445 21
446 21
447 19
448 19
449 19
450 20
451 19
452 20
453 19
454 18
455 18
456 19
457 19
458 19
459 19
460 19
461 20
462 19
463 19
464 19
465 20
466 19
467 19
468 20
469 20
470 20
471 20
472 20
473 20
474 20
475 21
476 21
477 21
478 21
479 21
480 20
481 19
482 20
483 20
484 20
485 20
486 19
487 19
488 20
489 19
490 19
491 19
492 19
493 19
494 19
495 20
496 20
497 20
498 20
499 21
500 21
501 21
502 21
503 20
504 20
505 21
506 21
507 21
508 22
509 22
510 22
511 21
512 20
513 20
514 19
515 19
516 19
517 19
518 19
519 19
520 20
521 21
522 21
523 21
524 22
525 22
526 23
527 23
528 23
529 23
530 21
531 21
532 21
533 21
534 21
535 21
536 20
537 20
538 20
539 20
540 20
541 20
542 19
543 20
544 20
545 19
546 20
547 20
548 20
549 20
550 19
551 19
552 18
553 18
554 18
555 18
556 17
557 17
558 17
559 18
560 18
561 17
562 18
563 18
564 19
565 18
566 18
567 18
568 17
569 19
570 19
571 19
572 20
573 20
574 20
575 19
576 19
577 20
578 20
579 20
580 20
581 20
582 19
583 19
584 19
585 19
586 19
587 20
588 19
589 19
590 19
591 19
592 19
593 20
594 20
595 19
596 19
597 19
598 19
599 19
600 19
601 21
602 22
603 22
604 22
605 21
606 21
607 21
608 20
609 20
610 20
611 19
612 19
613 19
614 20
615 20
616 20
617 20
618 21
619 21
620 20
621 19
622 20
623 20
624 19
625 19
626 18
627 18
628 18
629 18
630 18
631 18
632 19
633 19
634 19
635 19
636 19
637 19
638 19
639 19
640 20
641 20
642 20
643 19
644 19
645 19
646 18
647 18
648 19
649 19
650 19
651 19
652 19
653 19
654 19
655 19
656 20
657 20
658 21
659 21
660 21
661 22
662 21
663 21
664 20
665 20
666 21
667 21
668 21
669 19
670 19
671 19
672 18
673 18
674 18
675 19
676 19
677 18
678 18
679 18
680 18
681 18
682 19
683 19
684 19
685 20
686 20
687 19
688 19
689 19
690 20
691 21
692 21
693 21
694 21
695 21
696 21
697 21
698 21
699 20
700 20
701 19
702 18
703 18
704 18
705 19
706 19
707 19
708 19
709 20
710 20
711 21
712 21
713 21
714 20
715 21
716 21
717 21
718 20
719 20
720 20
721 20
722 19
723 19
724 20
725 20
726 20
727 20
728 20
729 20
730 21
731 22
732 21
733 21
734 21
735 21
736 21
737 21
738 21
739 21
740 20
741 20
742 20
743 20
744 20
745 20
746 20
747 20
748 20
749 20
750 20
751 21
752 21
753 21
754 21
755 21
756 20
757 22
758 21
759 21
760 21
761 20
762 20
763 20
764 20
765 20
766 19
767 19
768 19
769 19
770 21
771 21
772 21
773 21
774 21
775 20
776 20
777 20
778 21
779 21
780 21
781 21
782 20
783 20
784 20
785 19
786 19
787 20
788 20
789 20
790 19
791 18
792 18
793 17
794 17
795 17
796 18
797 19
798 19
799 20
800 20
801 20
802 20
803 20
804 20
805 19
806 19
807 19
808 20
809 19
810 19
811 18
812 18
813 18
814 18
815 19
816 19
817 19
818 19
819 19
820 20
821 20
822 21
823 21
824 20
825 20
826 20
827 20
828 20
829 20
830 19
831 19
832 19
833 20
834 20
835 20
836 20
837 22
838 23
839 23
840 23
841 23
842 23
843 23
844 23
845 23
846 23
847 23
848 22
849 22
850 22
851 21
852 21
853 22
854 22
855 22
856 22
857 20
858 20
859 20
860 20
861 20
862 20
863 20
864 21
865 21
866 21
867 22
868 22
869 22
870 20
871 20
872 20
873 20
874 20
875 21
876 21
877 21
878 20
879 20
880 20
881 21
882 21
883 21
884 21
885 22
886 22
887 21
888 21
889 21
890 22
891 22
892 22
893 22
894 22
895 22
896 21
897 20
898 20
899 20
900 20
901 19
902 19
903 19
904 19
905 19
906 19
907 20
908 19
909 19
910 19
911 19
912 20
913 20
914 20
915 19
916 19
917 19
918 20
919 20
920 19
921 19
922 20
923 20
924 20
925 20
926 20
927 20
928 21
929 21
930 22
931 21
932 21
933 21
934 21
935 21
936 21
937 19
938 18
939 18
940 18
941 18
942 18
943 18
944 18
945 18
946 18
947 18
948 18
949 18
950 19
951 19
952 19
953 19
954 20
955 20
956 20
957 20
958 20
959 20
960 20
961 20
962 20
963 20
964 19
965 19
966 19
967 19
968 19
969 19
970 19
971 19
972 20
973 20
974 20
975 19
976 19
977 19
978 19
979 19
980 19
981 18
982 18
983 18
984 18
985 17
986 17
987 19
988 19
989 19
990 19
991 19
992 19
993 20
994 20
995 21
996 21
997 21
998 21
999 20
1000 20
1001 21
1002 21
1003 21
1004 21
1005 21
1006 21
1007 20
1008 20
1009 20
1010 21
1011 21
1012 21
1013 21
1014 21
1015 21
1016 21
1017 22
1018 21
1019 21
1020 21
1021 21
1022 20
1023 20
1024 20
1025 20
1026 20
1027 20
1028 19
1029 19
1030 18
1031 18
1032 18
1033 17
1034 17
1035 17
1036 17
1037 19
1038 19
1039 19
1040 20
1041 20
1042 20
1043 20
1044 21
1045 21
1046 21
1047 21
1048 21
1049 21
1050 20
1051 20
1052 20
1053 20
1054 19
1055 19
1056 19
1057 20
1058 20
1059 20
1060 20
1061 20
1062 20
1063 21
1064 21
1065 21
1066 21
1067 20
1068 20
1069 20
1070 21
1071 22
1072 21
1073 21
1074 21
1075 21
1076 21
1077 21
1078 21
1079 21
1080 21
1081 21
1082 21
1083 21
1084 21
1085 21
1086 22
1087 20
1088 20
1089 21
1090 20
1091 21
1092 21
1093 20
1094 20
1095 19
1096 19
1097 19
1098 19
1099 19
1100 19
1101 19
1102 19
1103 20
1104 20
1105 20
1106 20
1107 21
1108 22
1109 22
1110 21
1111 21
1112 20
1113 20
1114 20
1115 19
1116 19
1117 18
1118 18
1119 18
1120 18
1121 18
1122 17
1123 17
1124 18
1125 18
1126 18
1127 18
1128 19
1129 19
1130 21
1131 21
1132 22
1133 22
1134 22
1135 22
1136 22
1137 20
1138 20
1139 20
1140 19
1141 19
1142 19
1143 20
1144 19
1145 19
1146 19
1147 20
1148 20
1149 21
1150 21
1151 22
1152 22
1153 21
1154 21
1155 21
1156 21
1157 20
1158 20
1159 19
1160 19
1161 19
1162 19
1163 18
1164 18
1165 19
1166 19
1167 19
1168 20
1169 20
1170 19
1171 18
1172 18
1173 18
1174 18
1175 18
1176 20
1177 20
1178 21
1179 21
1180 21
1181 21
1182 21
1183 22
1184 22
1185 22
1186 21
1187 21
1188 22
1189 21
1190 21
1191 20
1192 21
1193 21
1194 21
1195 21
1196 21
1197 21
1198 22
1199 23
1200 23
1201 22
1202 22
1203 21
1204 21
1205 21
1206 21
1207 20
1208 19
1209 20
1210 20
1211 20
1212 20
1213 20
1214 21
1215 21
1216 22
1217 22
1218 23
1219 23
1220 23
1221 23
1222 23
1223 23
1224 23
1225 23
1226 23
1227 23
1228 22
1229 22
1230 20
1231 20
1232 20
1233 20
1234 20
1235 20
1236 20
1237 21
1238 21
1239 21
1240 21
1241 21
1242 21
1243 20
1244 20
1245 20
1246 20
1247 20
1248 20
1249 19
1250 19
1251 18
1252 18
1253 19
1254 19
1255 19
1256 19
1257 19
1258 19
1259 19
1260 20
1261 20
1262 22
1263 22
1264 22
1265 22
1266 22
1267 22
1268 21
1269 21
1270 21
1271 21
1272 21
1273 21
1274 21
1275 21
1276 20
1277 20
1278 20
1279 20
1280 20
1281 20
1282 20
1283 19
1284 20
1285 20
1286 20
1287 20
1288 19
1289 19
1290 19
1291 19
1292 18
1293 18
1294 18
1295 18
1296 18
1297 18
1298 17
1299 16
1300 18
1301 18
1302 18
1303 18
1304 18
1305 18
1306 19
1307 19
1308 20
1309 19
1310 19
1311 19
1312 19
1313 19
1314 19
1315 19
1316 18
1317 19
1318 18
1319 18
1320 18
1321 18
1322 19
1323 19
1324 18
1325 18
1326 18
1327 18
1328 18
1329 18
1330 18
1331 18
1332 17
1333 18
1334 18
1335 18
1336 20
1337 19
1338 19
1339 19
1340 19
1341 19
1342 19
1343 19
1344 20
1345 21
1346 21
1347 20
1348 20
1349 20
1350 20
1351 20
1352 20
1353 19
1354 19
1355 20
1356 20
1357 21
1358 21
1359 21
1360 21
1361 21
1362 19
1363 19
1364 19
1365 19
1366 19
1367 19
1368 19
1369 19
1370 19
1371 19
1372 19
1373 21
1374 21
1375 21
1376 20
1377 20
1378 19
1379 19
1380 19
1381 19
1382 20
1383 20
1384 19
1385 19
1386 19
1387 19
1388 19
1389 20
1390 22
1391 22
1392 22
1393 23
1394 23
1395 24
1396 24
1397 25
1398 25
1399 25
1400 23
1401 23
1402 23
1403 23
1404 23
1405 23
1406 22
1407 22
1408 21
1409 21
1410 21
1411 21
1412 21
1413 21
1414 20
1415 20
1416 21
1417 20
1418 20
1419 20
1420 20
1421 20
1422 19
1423 19
1424 20
1425 20
1426 20
1427 20
1428 20
1429 20
1430 21
1431 22
1432 22
1433 21
1434 21
1435 21
1436 19
1437 20
1438 20
1439 21
1440 21
1441 22
1442 22
1443 22
1444 21
1445 20
1446 20
1447 20
1448 20
1449 20
1450 20
1451 20
1452 20
1453 20
1454 21
1455 20
1456 20
1457 19
1458 20
1459 20
1460 19
1461 19
1462 19
1463 19
1464 19
1465 19
1466 22
1467 22
1468 22
1469 22
1470 22
1471 22
1472 22
1473 20
1474 20
1475 20
1476 20
1477 20
1478 20
1479 21
1480 21
1481 21
1482 20
1483 20
1484 20
1485 20
1486 20
1487 20
1488 20
1489 20
1490 18
1491 18
1492 18
1493 18
1494 18
1495 17
1496 17
1497 17
1498 17
1499 17
1500 17
1501 17
1502 17
1503 17
1504 17
1505 17
1506 17
1507 17
1508 18
1509 18
1510 18
1511 18
1512 19
1513 19
1514 19
1515 20
1516 19
1517 19
1518 20
1519 21
1520 21
1521 21
1522 22
1523 22
1524 21
1525 21
1526 21
1527 21
1528 21
1529 21
1530 20
1531 19
1532 19
1533 19
1534 20
1535 20
1536 20
1537 19
1538 19
1539 18
1540 18
1541 17
1542 17
1543 17
1544 18
1545 18
1546 18
1547 18
1548 18
1549 18
1550 19
1551 20
1552 20
1553 20
1554 19
1555 19
1556 20
1557 21
1558 20
1559 20
1560 20
1561 20
1562 20
1563 20
1564 20
1565 19
1566 17
1567 18
1568 18
1569 19
1570 20
1571 20
1572 21
1573 21
1574 21
1575 21
1576 21
1577 21
1578 21
1579 20
1580 20
1581 20
1582 20
1583 20
1584 20
1585 20
1586 20
1587 20
1588 20
1589 19
1590 19
1591 19
1592 19
1593 18
1594 18
1595 19
1596 19
1597 18
1598 18
1599 18
1600 19
1601 19
1602 19
1603 19
1604 19
1605 19
1606 19
1607 20
1608 20
1609 20
1610 20
1611 20
1612 19
1613 19
1614 20
1615 19
1616 19
1617 19
1618 19
1619 18
1620 18
1621 19
1622 18
1623 18
1624 18
1625 18
1626 19
1627 19
1628 19
1629 19
1630 19
1631 19
1632 19
1633 19
1634 18
1635 18
1636 19
1637 19
1638 20
1639 21
1640 22
1641 22
1642 22
1643 22
1644 22
1645 22
1646 22
1647 23
1648 24
1649 24
1650 23
1651 22
1652 22
1653 22
1654 22
1655 22
1656 21
1657 20
1658 20
1659 20
1660 20
1661 21
1662 21
1663 21
1664 21
1665 21
1666 20
1667 19
1668 19
1669 18
1670 18
1671 18
1672 17
1673 18
1674 18
1675 18
1676 18
1677 18
1678 18
1679 18
1680 18
1681 18
1682 18
1683 18
1684 18
1685 19
1686 21
1687 21
1688 21
1689 21
1690 21
1691 21
1692 23
1693 23
1694 23
1695 22
1696 22
1697 22
1698 22
1699 22
1700 21
1701 21
1702 21
1703 21
1704 21
1705 21
1706 21
1707 21
1708 20
1709 20
1710 21
1711 21
1712 22
1713 22
1714 21
1715 21
1716 21
1717 21
1718 20
1719 20
1720 21
1721 20
1722 20
1723 20
1724 20
1725 20
1726 20
1727 21
1728 21
1729 21
1730 21
1731 21
1732 21
1733 22
1734 22
1735 23
1736 22
1737 23
1738 22
1739 21
1740 20
1741 20
1742 20
1743 21
1744 20
1745 20
1746 20
1747 19
1748 18
1749 18
1750 18
1751 18
1752 18
1753 18
1754 19
1755 19
1756 20
1757 21
1758 21
1759 21
1760 21
1761 20
1762 20
1763 21
1764 21
1765 21
1766 21
1767 22
1768 22
1769 22
1770 21
1771 21
1772 21
1773 20
1774 20
1775 20
1776 20
1777 20
1778 20
1779 21
1780 21
1781 21
1782 22
1783 22
1784 22
1785 21
1786 19
1787 20
1788 20
1789 20
1790 20
1791 20
1792 19
1793 19
1794 19
1795 19
1796 19
1797 19
1798 19
1799 19
1800 19
1801 20
1802 21
1803 21
1804 22
1805 22
1806 22
1807 22
1808 23
1809 23
1810 22
1811 22
1812 21
1813 21
1814 21
1815 21
1816 21
1817 22
1818 22
1819 22
1820 21
1821 22
1822 22
1823 22
1824 22
1825 22
1826 21
1827 20
1828 20
1829 21
1830 21
1831 22
1832 22
1833 21
1834 21
1835 22
1836 22
1837 21
1838 21
1839 22
1840 22
1841 22
1842 22
1843 21
1844 22
1845 22
1846 22
1847 22
1848 22
1849 22
1850 22
1851 22
1852 22
1853 23
1854 22
1855 22
1856 21
1857 20
1858 20
1859 20
1860 20
1861 20
1862 20
1863 19
1864 19
1865 19
1866 20
1867 19
1868 19
1869 19
1870 19
1871 19
1872 20
1873 20
1874 20
1875 20
1876 20
1877 20
1878 20
1879 19
1880 19
1881 19
1882 20
1883 21
1884 22
1885 22
1886 22
1887 21
1888 22
1889 22
1890 22
1891 22
1892 21
1893 21
1894 21
1895 21
1896 21
1897 21
1898 22
1899 22
1900 22
1901 21
1902 20
1903 20
1904 19
1905 19
1906 19
1907 18
1908 17
1909 17
1910 17
1911 18
1912 19
1913 19
1914 19
1915 19
1916 20
1917 19
1918 19
1919 19
1920 19
1921 18
1922 19
1923 19
1924 19
1925 19
1926 19
1927 20
1928 21
1929 20
1930 20
1931 19
1932 19
1933 20
1934 21
1935 19
1936 19
1937 20
1938 20
1939 19
1940 19
1941 19
1942 19
1943 19
1944 18
1945 18
1946 18
1947 18
1948 18
1949 18
1950 18
1951 18
1952 18
1953 17
1954 17
1955 17
1956 17
1957 18
1958 18
1959 18
1960 18
1961 19
1962 19
1963 19
1964 19
1965 19
1966 18
1967 19
1968 20
1969 20
1970 20
1971 20
1972 21
1973 21
1974 22
1975 22
1976 22
1977 23
1978 23
1979 23
1980 23
1981 23
1982 22
1983 21
1984 20
1985 20
1986 20
1987 20
1988 19
1989 19
1990 19
1991 19
1992 19
1993 19
1994 19
1995 20
1996 20
1997 20
1998 19
1999 19
2000 19
2001 20
2002 20
2003 20
2004 20
2005 21
2006 21
2007 21
2008 21
2009 21
2010 21
2011 20
2012 19
2013 19
2014 19
2015 20
2016 19
2017 19
2018 19
2019 19
2020 19
2021 19
2022 18
2023 18
2024 18
2025 19
2026 19
2027 18
2028 18
2029 19
2030 19
2031 19
2032 19
2033 20
2034 19
2035 20
2036 20
2037 19
2038 19
2039 19
2040 19
2041 19
2042 19
2043 19
2044 19
2045 20
2046 20
2047 20
2048 20
2049 21
2050 21
2051 21
2052 21
2053 21
2054 22
2055 22
2056 22
2057 21
2058 22
2059 22
2060 22
2061 21
2062 21
2063 21
2064 21
2065 22
2066 22
2067 21
2068 20
2069 20
2070 20
2071 20
2072 18
2073 18
2074 17
2075 17
2076 18
2077 18
2078 18
2079 19
2080 19
2081 19
2082 18
2083 19
2084 19
2085 19
2086 19
2087 19
2088 20
2089 20
2090 20
2091 20
2092 20
2093 20
2094 20
2095 19
2096 20
2097 20
2098 20
2099 20
2100 20
2101 20
2102 20
2103 21
2104 21
2105 20
2106 20
2107 20
2108 20
2109 20
2110 20
2111 21
2112 23
2113 23
2114 23
2115 22
2116 23
2117 23
2118 23
2119 23
2120 23
2121 23
2122 23
2123 23
2124 23
2125 22
2126 22
2127 22
2128 21
2129 20
2130 20
2131 20
2132 20
2133 18
2134 18
2135 17
2136 17
2137 17
2138 17
2139 18
2140 18
2141 18
2142 18
2143 18
2144 18
2145 17
2146 17
2147 17
2148 18
2149 17
2150 17
2151 18
2152 18
2153 18
2154 17
2155 17
2156 17
2157 17
2158 17
2159 17
2160 17
2161 17
2162 17
2163 18
2164 18
2165 17
2166 17
2167 17
2168 17
2169 17
2170 18
2171 18
2172 18
2173 18
2174 19
2175 19
2176 18
2177 17
2178 17
2179 17
2180 17
2181 17
2182 17
2183 18
2184 18
2185 18
2186 18
2187 20
2188 20
2189 20
2190 20
2191 20
2192 20
2193 20
2194 20
2195 21
2196 20
2197 20
2198 20
2199 20
2200 20
2201 20
2202 20
2203 19
2204 19
2205 20
2206 20
2207 21
2208 21
2209 21
2210 21
2211 21
2212 19
2213 19
2214 19
2215 19
2216 18
2217 18
2218 18
2219 18
2220 18
2221 19
2222 19
2223 19
2224 19
2225 19
2226 19
2227 20
2228 20
2229 20
2230 20
2231 20
2232 20
2233 21
2234 21
2235 21
2236 22
2237 22
2238 22
2239 21
2240 21
2241 21
2242 21
2243 21
2244 21
2245 22
2246 22
2247 22
2248 21
2249 21
2250 22
2251 21
2252 21
2253 21
2254 21
2255 22
2256 22
2257 23
2258 22
2259 22
2260 22
2261 23
2262 24
2263 23
2264 23
2265 23
2266 23
2267 24
2268 24
2269 24
2270 24
2271 24
2272 24
2273 24
2274 24
2275 24
2276 24
2277 24
2278 25
2279 24
2280 24
2281 24
2282 24
2283 22
2284 22
2285 22
2286 22
2287 21
2288 20
2289 20
2290 20
2291 20
2292 21
2293 21
2294 21
2295 20
2296 20
2297 20
2298 20
2299 20
2300 20
2301 19
2302 19
2303 20
2304 20
2305 19
2306 19
2307 18
2308 18
2309 18
2310 18
2311 17
2312 18
2313 18
2314 19
2315 20
2316 21
2317 21
2318 21
2319 21
2320 21
2321 20
2322 20
2323 20
2324 21
2325 21
2326 21
2327 21
2328 21
2329 21
2330 21
2331 21
2332 21
2333 20
2334 20
2335 20
2336 19
2337 19
2338 20
2339 20
2340 20
2341 20
2342 20
2343 20
2344 20
2345 19
2346 19
2347 20
2348 20
2349 21
2350 22
2351 22
2352 22
2353 22
2354 22
2355 22
2356 23
2357 22
2358 22
2359 22
2360 22
2361 21
2362 20
2363 20
2364 20
2365 21
2366 21
2367 20
2368 20
2369 20
2370 19
2371 19
2372 19
2373 19
2374 18
2375 18
2376 19
2377 19
2378 18
2379 18
2380 18
2381 18
2382 18
2383 19
2384 19
2385 19
2386 20
2387 21
2388 21
2389 21
2390 21
2391 21
2392 21
2393 21
2394 21
2395 21
2396 21
2397 21
2398 21
2399 21
2400 21
2401 21
2402 21
2403 20
2404 20
2405 20
2406 20
2407 20
2408 20
2409 20
2410 20
2411 21
2412 20
2413 20
2414 19
2415 18
2416 17
2417 17
2418 17
2419 17
2420 17
2421 18
2422 18
2423 18
2424 17
2425 17
2426 18
2427 17
2428 17
2429 17
2430 17
2431 17
2432 18
2433 18
2434 18
2435 18
2436 18
2437 18
2438 17
2439 17
2440 17
2441 18
2442 18
2443 20
2444 20
2445 20
2446 21
2447 20
2448 21
2449 20
2450 19
2451 19
2452 19
2453 19
2454 19
2455 18
2456 17
2457 17
2458 17
2459 17
2460 18
2461 18
2462 18
2463 18
2464 18
2465 18
2466 19
2467 20
2468 21
2469 21
2470 21
2471 21
2472 21
2473 21
2474 21
2475 21
2476 20
2477 20
2478 20
2479 20
2480 20
2481 20
2482 20
2483 19
2484 19
2485 19
2486 19
2487 17
2488 18
2489 18
2490 19
2491 19
2492 19
2493 19
2494 19
2495 19
2496 19
2497 19
2498 19
2499 19
2500 20
2501 20
2502 20
2503 20
2504 22
2505 22
2506 22
2507 22
2508 22
2509 22
2510 22
2511 21
2512 21
2513 21
2514 21
2515 21
2516 21
2517 21
2518 21
2519 21
2520 21
2521 20
2522 20
2523 20
2524 20
2525 20
2526 19
2527 19
2528 19
2529 19
2530 19
2531 19
2532 18
2533 18
2534 18
2535 18
2536 18
2537 18
2538 18
2539 18
2540 18
2541 17
2542 17
2543 15
2544 15
2545 15
2546 14
2547 14
2548 13
2549 13
2550 12
2551 12
2552 12
2553 12
2554 12
2555 12
2556 12
2557 12
2558 12
2559 12
2560 11
2561 11
2562 11
2563 11
2564 11
2565 10
2566 9
2567 8
2568 7
2569 7
2570 7
2571 7
2572 7
2573 7
2574 7
2575 7
2576 7
2577 7
2578 7
2579 7
2580 7
2581 7
2582 7
2583 7
2584 7
2585 7
2586 6
2587 6
2588 5
2589 5
2590 4
2591 4
2592 3
2593 3
2594 3
2595 3
2596 3
2597 3
2598 3
2599 3
2600 2
2601 2
2602 2
2603 2
2604 0
2605 0
2606 0
2607 0
2608 0
2609 0
2610 0
2611 0
2612 0
2613 0
2614 0
2615 0
2616 0
2617 0
2618 0
2619 0
2620 0
2621 0
2622 0
2623 0
2624 0
2625 0
2626 0
2627 0
2628 0
2629 0
2630 0
2631 0
2632 0
2633 0
2634 0
2635 0
2636 0
2637 0
2638 0
2639 0
2640 0
2641 0
2642 0
2643 0
2644 0
2645 0
2646 0
2647 0
2648 0
2649 0
2650 0
2651 0
2652 0
2653 0
2654 0
2655 0
2656 0
2657 0
2658 0
2659 0
2660 0
2661 0
2662 0
2663 0
2664 0
2665 0
2666 0
2667 0
2668 0
2669 0
2670 0
2671 0
2672 0
2673 0
2674 0
2675 0
2676 0
2677 0
2678 0
2679 0
2680 0
2681 0
2682 0
2683 0
2684 0
2685 0
2686 0
2687 0
2688 0
2689 0
2690 0
2691 0
2692 0
2693 0
2694 0
2695 0
2696 0
2697 0
2698 0
2699 0
2700 0
2701 0
2702 0
2703 0
2704 0
2705 0
2706 0
2707 0
2708 0
2709 0
2710 0
2711 0
2712 0
2713 0
2714 0
2715 0
2716 0
2717 0
2718 0
2719 0
2720 0
2721 0
2722 0
2723 0
2724 0
2725 0
2726 0
2727 0
2728 0
2729 0
2730 0
2731 0
2732 0
2733 0
2734 0
2735 0
2736 0
2737 0
2738 0
2739 0
2740 0
2741 0
2742 0
2743 0
2744 0
2745 0
2746 0
2747 0
2748 0
2749 0
2750 0
2751 0
2752 0
2753 0
2754 0
2755 0
2756 0
2757 0
2758 0
2759 0
2760 0
2761 0
2762 0
2763 0
2764 0
2765 0
2766 0
2767 0
2768 0
2769 0
2770 0
2771 0
2772 0
2773 0
2774 0
2775 0
2776 0
2777 0
2778 0
2779 0
2780 0
2781 0
2782 0
2783 0
2784 0
2785 0
2786 0
2787 0
2788 0
2789 0
2790 0
2791 0
2792 0
2793 0
2794 0
2795 0
2796 0
2797 0
2798 0
2799 0
2800 0
2801 0
2802 0
2803 0
2804 0
2805 0
2806 0
2807 0
2808 0
2809 0
2810 0
2811 0
2812 0
2813 0
2814 0
2815 0
2816 0
2817 0
2818 0
2819 0
2820 0
2821 0
2822 0
2823 0
2824 0
2825 0
2826 0
2827 0
2828 0
2829 0
2830 0
2831 0
2832 0
2833 0
2834 0
2835 0
2836 0
2837 0
2838 0
2839 0
2840 0
2841 0
2842 0
2843 0
2844 0
2845 0
2846 0
2847 0
2848 0
2849 0
2850 0
2851 0
2852 0
2853 0
2854 0
2855 0
2856 0
2857 0
2858 0
2859 0
2860 0
2861 0
2862 0
2863 0
2864 0
2865 0
2866 0
2867 0
2868 0
2869 0
2870 0
2871 0
2872 0
2873 0
2874 0
2875 0
2876 0
2877 0
2878 0
2879 0
2880 0
2881 0
2882 0
2883 0
2884 0
2885 0
2886 0
2887 0
2888 0
2889 0
2890 0
2891 0
2892 0
2893 0
2894 0
2895 0
2896 0
2897 0
2898 0
2899 0
2900 0
2901 0
2902 0
2903 0
2904 0
2905 0
2906 0
2907 0
2908 0
2909 0
2910 0
2911 0
2912 0
2913 0
2914 0
2915 0
2916 0
2917 0
2918 0
2919 0
2920 0
2921 0
2922 0
2923 0
2924 0
2925 0
2926 0
2927 0
2928 0
2929 0
2930 0
2931 0
2932 0
2933 0
2934 0
2935 0
2936 0
2937 0
2938 0
2939 0
2940 0
2941 0
2942 0
2943 0
2944 0
2945 0
2946 0
2947 0
2948 0
2949 0
2950 0
2951 0
2952 0
2953 0
2954 0
2955 0
2956 0
2957 0
2958 0
2959 0
2960 0
2961 0
2962 0
2963 0
2964 0
2965 0
2966 0
2967 0
2968 0
2969 0
2970 0
2971 0
2972 0
2973 0
2974 0
2975 0
2976 0
2977 0
2978 0
2979 0
2980 0
2981 0
2982 0
2983 0
2984 0
2985 0
2986 0
2987 0
2988 0
2989 0
2990 0
2991 0
2992 0
2993 0
2994 0
2995 0
2996 0
2997 0
2998 0
2999 0
