0 0
1 0
2 1
3 2
4 2
5 3
6 3
7 5
8 7
9 9
10 9
11 11
12 12
13 14
14 14
15 15
16 15
17 17
18 19
19 21
20 23
21 24
22 25
23 26
24 26
25 26
26 27
27 27
28 28
29 30
30 30
31 32
32 34
33 35
34 36
35 37
36 38
37 38
38 38
39 40
40 41
41 41
42 42
43 44
44 44
45 44
46 46
47 48
48 48
49 49
50 50
51 50
52 51
53 53
54 53
55 54
56 55
57 56
58 56
59 57
60 59
61 60
62 61
63 62
64 63
65 64
66 64
67 67
68 67
69 67
70 68
71 69
72 71
73 71
74 72
75 73
76 74
77 75
78 76
79 76
80 77
81 79
82 79
83 80
84 80
85 80
86 81
87 82
88 82
89 83
90 84
91 85
92 87
93 87
94 88
95 88
96 89
97 91
98 91
99 91
100 92
101 92
102 92
103 92
104 93
105 93
106 93
107 92
108 90
109 89
110 92
111 91
112 90
113 88
114 88
115 88
116 89
117 88
118 87
119 85
120 83
121 82
122 83
123 83
124 83
125 86
126 85
127 86
128 86
129 86
130 86
131 84
132 82
133 81
134 80
135 79
136 79
137 79
138 79
139 80
140 79
141 79
142 79
143 79
144 79
145 81
146 79
147 78
148 78
149 77
150 76
151 76
152 77
153 76
154 76
155 76
156 76
157 75
158 75
159 75
160 74
161 73
162 74
163 74
164 73
165 73
166 74
167 71
168 72
169 72
170 71
171 70
172 70
173 70
174 69
175 69
176 69
177 69
178 68
179 68
180 67
181 66
182 69
183 68
184 68
185 69
186 68
187 67
188 69
189 69
190 69
191 68
192 67
193 67
194 66
195 66
196 66
197 65
198 66
199 66
200 67
201 67
202 67
203 66
204 66
205 65
206 66
207 65
208 65
209 65
210 63
211 62
212 62
213 64
214 64
215 65
216 65
217 64
218 63
219 64
220 65
221 65
222 64
223 63
224 63
225 60
226 62
227 63
228 62
229 60
230 61
231 61
232 61
233 62
234 63
235 63
236 63
237 64
238 64
239 61
240 62
241 63
242 63
243 61
244 62
245 61
246 61
247 60
248 61
249 61
250 61
251 61
252 61
253 60
254 60
255 60
256 60
257 62
258 62
259 62
260 61
261 62
262 60
263 60
264 60
265 59
266 59
267 59
268 59
269 59
270 61
271 61
272 59
273 59
274 60
275 60
276 60
277 60
278 60
279 62
280 62
281 61
282 58
283 60
284 60
285 59
286 59
287 60
288 58
289 58
290 57
291 57
292 57
293 57
294 57
295 58
296 57
297 57
298 57
299 57
300 56
301 56
302 56
303 57
304 57
305 59
306 58
307 58
308 58
309 58
310 57
311 57
312 57
313 55
314 55
315 53
316 54
317 55
318 56
319 56
320 56
321 57
322 56
323 57
324 57
325 57
326 55
327 55
328 55
329 55
330 54
331 54
332 54
333 53
334 52
335 52
336 52
337 51
338 52
339 52
340 55
341 54
342 54
343 55
344 55
345 54
346 54
347 55
348 54
349 54
350 54
351 54
352 52
353 52
354 52
355 51
356 50
357 48
358 49
359 50
360 52
361 51
362 51
363 50
364 51
365 53
366 53
367 53
368 52
369 52
370 51
371 51
372 51
373 51
374 50
375 49
376 49
377 49
378 49
379 48
380 48
381 49
382 49
383 49
384 50
385 50
386 50
387 50
388 50
389 50
390 50
391 50
392 49
393 51
394 51
395 50
396 51
397 50
398 49
399 49
400 48
401 48
402 47
403 46
404 46
405 44
406 47
407 47
408 49
409 48
410 50
411 50
412 50
413 50
414 51
415 51
416 49
417 48
418 47
419 46
420 46
421 45
422 45
423 44
424 44
425 44
426 45
427 44
428 44
429 45
430 47
431 48
432 49
433 50
434 50
435 51
436 50
437 50
438 49
439 49
440 45
441 45
442 44
443 43
444 43
445 43
446 43
447 43
448 43
449 43
450 43
451 44
452 47
453 47
454 48
455 50
456 51
457 51
458 50
459 48
460 46
461 46
462 46
463 46
464 45
465 43
466 42
467 42
468 42
469 43
470 42
471 42
472 43
473 43
474 44
475 44
476 45
477 46
478 46
479 45
480 46
481 47
482 47
483 45
484 44
485 44
486 44
487 43
488 43
489 42
490 42
491 42
492 42
493 40
494 40
495 41
496 40
497 41
498 41
499 41
500 44
501 44
502 44
503 44
504 44
505 47
506 44
507 44
508 42
509 43
510 41
511 41
512 41
513 41
514 40
515 40
516 40
517 40
518 40
519 43
520 42
521 42
522 42
523 43
524 43
525 44
526 44
527 43
528 43
529 43
530 41
531 41
532 40
533 40
534 41
535 40
536 40
537 40
538 40
539 40
540 40
541 41
542 42
543 42
544 41
545 41
546 43
547 42
548 43
549 44
550 44
551 44
552 41
553 41
554 40
555 38
556 38
557 38
558 38
559 38
560 38
561 39
562 39
563 40
564 40
565 40
566 40
567 40
568 41
569 42
570 43
571 43
572 42
573 42
574 42
575 44
576 42
577 40
578 40
579 40
580 39
581 37
582 38
583 39
584 39
585 39
586 40
587 40
588 40
589 40
590 41
591 41
592 42
593 42
594 42
595 42
596 42
597 41
598 42
599 42
600 40
601 40
602 40
603 40
604 40
605 38
606 38
607 38
608 38
609 38
610 39
611 39
612 39
613 39
614 41
615 41
616 41
617 41
618 41
619 39
620 39
621 39
622 39
623 40
624 41
625 40
626 40
627 40
628 41
629 40
630 40
631 39
632 39
633 38
634 37
635 37
636 37
637 37
638 39
639 39
640 40
641 40
642 39
643 39
644 39
645 39
646 37
647 37
648 37
649 36
650 37
651 37
652 37
653 38
654 39
655 39
656 38
657 39
658 40
659 40
660 40
661 39
662 39
663 38
664 38
665 38
666 39
667 39
668 38
669 37
670 36
671 36
672 36
673 36
674 35
675 33
676 36
677 37
678 38
679 39
680 39
681 39
682 38
683 37
684 37
685 39
686 38
687 38
688 38
689 38
690 37
691 37
692 36
693 37
694 37
695 36
696 36
697 39
698 38
699 38
700 38
701 38
702 38
703 38
704 37
705 36
706 36
707 38
708 38
709 38
710 37
711 38
712 39
713 39
714 37
715 37
716 37
717 37
718 37
719 37
720 37
721 37
722 37
723 36
724 36
725 37
726 36
727 36
728 35
729 35
730 35
731 36
732 37
733 37
734 39
735 39
736 39
737 39
738 37
739 38
740 37
741 36
742 37
743 37
744 38
745 38
746 38
747 38
748 38
749 38
750 37
751 36
752 36
753 35
754 34
755 36
756 36
757 35
758 35
759 35
760 35
761 38
762 38
763 38
764 38
765 38
766 38
767 39
768 39
769 38
770 38
771 38
772 38
773 38
774 39
775 39
776 37
777 36
778 35
779 34
780 34
781 34
782 35
783 36
784 36
785 34
786 34
787 35
788 35
789 35
790 37
791 37
792 37
793 36
794 36
795 36
796 38
797 36
798 36
799 36
800 35
801 35
802 35
803 36
804 36
805 36
806 37
807 35
808 35
809 34
810 35
811 34
812 33
813 33
814 34
815 34
816 34
817 34
818 34
819 33
820 33
821 34
822 34
823 33
824 32
825 33
826 34
827 36
828 36
829 36
830 36
831 35
832 34
833 35
834 33
835 33
836 33
837 34
838 34
839 33
840 33
841 33
842 33
843 33
844 33
845 33
846 33
847 33
848 32
849 32
850 32
851 32
852 34
853 34
854 34
855 32
856 32
857 34
858 34
859 34
860 34
861 31
862 31
863 31
864 32
865 33
866 32
867 31
868 31
869 32
870 33
871 33
872 33
873 33
874 32
875 32
876 31
877 32
878 32
879 32
880 33
881 33
882 33
883 32
884 32
885 32
886 32
887 31
888 31
889 31
890 30
891 31
892 31
893 32
894 32
895 32
896 30
897 29
898 29
899 30
900 30
901 30
902 31
903 30
904 31
905 31
906 30
907 30
908 30
909 31
910 30
911 30
912 31
913 31
914 30
915 30
916 31
917 31
918 31
919 31
920 31
921 31
922 31
923 32
924 32
925 30
926 29
927 27
928 27
929 28
930 29
931 30
932 30
933 29
934 30
935 30
936 30
937 29
938 29
939 30
940 30
941 30
942 29
943 29
944 28
945 29
946 29
947 29
948 29
949 29
950 29
951 29
952 27
953 27
954 27
955 28
956 28
957 28
958 28
959 28
960 28
961 28
962 28
963 28
964 27
965 26
966 26
967 27
968 27
969 27
970 26
971 26
972 26
973 26
974 27
975 27
976 27
977 26
978 26
979 27
980 27
981 27
982 26
983 26
984 26
985 26
986 26
987 26
988 27
989 27
990 26
991 26
992 26
993 25
994 25
995 26
996 26
997 26
998 26
999 25
1000 25
1001 25
1002 24
1003 24
1004 23
1005 23
1006 23
1007 23
1008 23
1009 22
1010 22
1011 22
1012 22
1013 24
1014 24
1015 24
1016 23
1017 24
1018 24
1019 25
1020 25
1021 25
1022 26
1023 26
1024 26
1025 26
1026 26
1027 26
1028 26
1029 25
1030 24
1031 23
1032 23
1033 23
1034 22
1035 22
1036 22
1037 22
1038 22
1039 21
1040 21
1041 21
1042 21
1043 22
1044 22
1045 21
1046 21
1047 21
1048 21
1049 22
1050 22
1051 22
1052 22
1053 22
1054 22
1055 21
1056 21
1057 19
1058 18
1059 19
1060 19
1061 20
1062 21
1063 21
1064 22
1065 22
1066 22
1067 21
1068 21
1069 20
1070 20
1071 20
1072 20
1073 20
1074 19
1075 20
1076 20
1077 20
1078 21
1079 20
1080 19
1081 19
1082 19
1083 20
1084 20
1085 20
1086 20
1087 20
1088 20
1089 20
1090 20
1091 19
1092 19
1093 19
1094 19
1095 18
1096 18
1097 18
1098 18
1099 18
1100 18
1101 18
1102 18
1103 18
1104 18
1105 18
1106 18
1107 18
1108 18
1109 18
1110 18
1111 19
1112 18
1113 16
1114 17
1115 17
1116 17
1117 16
1118 16
1119 15
1120 15
1121 14
1122 13
1123 12
1124 13
1125 13
1126 13
1127 13
1128 13
1129 13
1130 13
1131 13
1132 15
1133 15
1134 16
1135 16
1136 16
1137 16
1138 16
1139 16
1140 16
1141 16
1142 16
1143 15
1144 15
1145 15
1146 15
1147 15
1148 15
1149 14
1150 14
1151 14
1152 14
1153 14
1154 14
1155 14
1156 14
1157 14
1158 14
1159 13
1160 13
1161 12
1162 11
1163 11
1164 10
1165 10
1166 10
1167 10
1168 10
1169 10
1170 10
1171 10
1172 10
1173 10
1174 10
1175 9
1176 9
1177 9
1178 8
1179 8
1180 8
1181 8
1182 8
1183 7
1184 7
1185 7
1186 7
1187 7
1188 6
1189 6
1190 6
1191 6
1192 6
1193 6
1194 6
1195 6
1196 6
1197 6
1198 6
1199 6
1200 6
1201 6
1202 6
1203 6
1204 6
1205 6
1206 6
1207 6
1208 6
1209 6
1210 6
1211 5
1212 5
1213 5
1214 4
1215 4
1216 4
1217 4
1218 4
1219 4
1220 4
1221 4
1222 4
1223 4
1224 3
1225 3
1226 3
1227 3
1228 3
1229 3
1230 3
1231 3
1232 1
1233 1
1234 0
1235 0
1236 0
1237 0
1238 0
1239 0
1240 0
1241 0
1242 0
1243 0
1244 0
1245 0
1246 0
1247 0
1248 0
1249 0
1250 0
1251 0
1252 0
1253 0
1254 0
1255 0
1256 0
1257 0
1258 0
1259 0
1260 0
1261 0
1262 0
1263 0
1264 0
1265 0
1266 0
1267 0
1268 0
1269 0
1270 0
1271 0
1272 0
1273 0
1274 0
1275 0
1276 0
1277 0
1278 0
1279 0
1280 0
1281 0
1282 0
1283 0
1284 0
1285 0
1286 0
1287 0
1288 0
1289 0
1290 0
1291 0
1292 0
1293 0
1294 0
1295 0
1296 0
1297 0
1298 0
1299 0
1300 0
1301 0
1302 0
1303 0
1304 0
1305 0
1306 0
1307 0
1308 0
1309 0
1310 0
1311 0
1312 0
1313 0
1314 0
1315 0
1316 0
1317 0
1318 0
1319 0
1320 0
1321 0
1322 0
1323 0
1324 0
1325 0
1326 0
1327 0
1328 0
1329 0
1330 0
1331 0
1332 0
1333 0
1334 0
1335 0
1336 0
1337 0
1338 0
1339 0
1340 0
1341 0
1342 0
1343 0
1344 0
1345 0
1346 0
1347 0
1348 0
1349 0
1350 0
1351 0
1352 0
1353 0
1354 0
1355 0
1356 0
1357 0
1358 0
1359 0
1360 0
1361 0
1362 0
1363 0
1364 0
1365 0
1366 0
1367 0
1368 0
1369 0
1370 0
1371 0
1372 0
1373 0
1374 0
1375 0
1376 0
1377 0
1378 0
1379 0
1380 0
1381 0
1382 0
1383 0
1384 0
1385 0
1386 0
1387 0
1388 0
1389 0
1390 0
1391 0
1392 0
1393 0
1394 0
1395 0
1396 0
1397 0
1398 0
1399 0
1400 0
1401 0
1402 0
1403 0
1404 0
1405 0
1406 0
1407 0
1408 0
1409 0
1410 0
1411 0
1412 0
1413 0
1414 0
1415 0
1416 0
1417 0
1418 0
1419 0
1420 0
1421 0
1422 0
1423 0
1424 0
1425 0
1426 0
1427 0
1428 0
1429 0
1430 0
1431 0
1432 0
1433 0
1434 0
1435 0
1436 0
1437 0
1438 0
1439 0
1440 0
1441 0
1442 0
1443 0
1444 0
1445 0
1446 0
1447 0
1448 0
1449 0
1450 0
1451 0
1452 0
1453 0
1454 0
1455 0
1456 0
1457 0
1458 0
1459 0
1460 0
1461 0
1462 0
1463 0
1464 0
1465 0
1466 0
1467 0
1468 0
1469 0
1470 0
1471 0
1472 0
1473 0
1474 0
1475 0
1476 0
1477 0
1478 0
1479 0
1480 0
1481 0
1482 0
1483 0
1484 0
1485 0
1486 0
1487 0
1488 0
1489 0
1490 0
1491 0
1492 0
1493 0
1494 0
1495 0
1496 0
1497 0
1498 0
1499 0
1500 0
1501 0
1502 0
1503 0
1504 0
1505 0
1506 0
1507 0
1508 0
1509 0
1510 0
1511 0
1512 0
1513 0
1514 0
1515 0
1516 0
1517 0
1518 0
1519 0
1520 0
1521 0
1522 0
1523 0
1524 0
1525 0
1526 0
1527 0
1528 0
1529 0
1530 0
1531 0
1532 0
1533 0
1534 0
1535 0
1536 0
1537 0
1538 0
1539 0
1540 0
1541 0
1542 0
1543 0
1544 0
1545 0
1546 0
1547 0
1548 0
1549 0
1550 0
1551 0
1552 0
1553 0
1554 0
1555 0
1556 0
1557 0
1558 0
1559 0
1560 0
1561 0
1562 0
1563 0
1564 0
1565 0
1566 0
1567 0
1568 0
1569 0
1570 0
1571 0
1572 0
1573 0
1574 0
1575 0
1576 0
1577 0
1578 0
1579 0
1580 0
1581 0
1582 0
1583 0
1584 0
1585 0
1586 0
1587 0
1588 0
1589 0
1590 0
1591 0
1592 0
1593 0
1594 0
1595 0
1596 0
1597 0
1598 0
1599 0
1600 0
1601 0
1602 0
1603 0
1604 0
1605 0
1606 0
1607 0
1608 0
1609 0
1610 0
1611 0
1612 0
1613 0
1614 0
1615 0
1616 0
1617 0
1618 0
1619 0
1620 0
1621 0
1622 0
1623 0
1624 0
1625 0
1626 0
1627 0
1628 0
1629 0
1630 0
1631 0
1632 0
1633 0
1634 0
1635 0
1636 0
1637 0
1638 0
1639 0
1640 0
1641 0
1642 0
1643 0
1644 0
1645 0
1646 0
1647 0
1648 0
1649 0
1650 0
1651 0
1652 0
1653 0
1654 0
1655 0
1656 0
1657 0
1658 0
1659 0
1660 0
1661 0
1662 0
1663 0
1664 0
1665 0
1666 0
1667 0
1668 0
1669 0
1670 0
1671 0
1672 0
1673 0
1674 0
1675 0
1676 0
1677 0
1678 0
1679 0
1680 0
1681 0
1682 0
1683 0
1684 0
1685 0
1686 0
1687 0
1688 0
1689 0
1690 0
1691 0
1692 0
1693 0
1694 0
1695 0
1696 0
1697 0
1698 0
1699 0
1700 0
1701 0
1702 0
1703 0
1704 0
1705 0
1706 0
1707 0
1708 0
1709 0
1710 0
1711 0
1712 0
1713 0
1714 0
1715 0
1716 0
1717 0
1718 0
1719 0
1720 0
1721 0
1722 0
1723 0
1724 0
1725 0
1726 0
1727 0
1728 0
1729 0
1730 0
1731 0
1732 0
1733 0
1734 0
1735 0
1736 0
1737 0
1738 0
1739 0
1740 0
1741 0
1742 0
1743 0
1744 0
1745 0
1746 0
1747 0
1748 0
1749 0
1750 0
1751 0
1752 0
1753 0
1754 0
1755 0
1756 0
1757 0
1758 0
1759 0
1760 0
1761 0
1762 0
1763 0
1764 0
1765 0
1766 0
1767 0
1768 0
1769 0
1770 0
1771 0
1772 0
1773 0
1774 0
1775 0
1776 0
1777 0
1778 0
1779 0
1780 0
1781 0
1782 0
1783 0
1784 0
1785 0
1786 0
1787 0
1788 0
1789 0
1790 0
1791 0
1792 0
1793 0
1794 0
1795 0
1796 0
1797 0
1798 0
1799 0
1800 0
1801 0
1802 0
1803 0
1804 0
1805 0
1806 0
1807 0
1808 0
1809 0
1810 0
1811 0
1812 0
1813 0
1814 0
1815 0
1816 0
1817 0
1818 0
1819 0
1820 0
1821 0
1822 0
1823 0
1824 0
1825 0
1826 0
1827 0
1828 0
1829 0
1830 0
1831 0
1832 0
1833 0
1834 0
1835 0
1836 0
1837 0
1838 0
1839 0
1840 0
1841 0
1842 0
1843 0
1844 0
1845 0
1846 0
1847 0
1848 0
1849 0
1850 0
1851 0
1852 0
1853 0
1854 0
1855 0
1856 0
1857 0
1858 0
1859 0
1860 0
1861 0
1862 0
1863 0
1864 0
1865 0
1866 0
1867 0
1868 0
1869 0
1870 0
1871 0
1872 0
1873 0
1874 0
1875 0
1876 0
1877 0
1878 0
1879 0
1880 0
1881 0
1882 0
1883 0
1884 0
1885 0
1886 0
1887 0
1888 0
1889 0
1890 0
1891 0
1892 0
1893 0
1894 0
1895 0
1896 0
1897 0
1898 0
1899 0
1900 0
1901 0
1902 0
1903 0
1904 0
1905 0
1906 0
1907 0
1908 0
1909 0
1910 0
1911 0
1912 0
1913 0
1914 0
1915 0
1916 0
1917 0
1918 0
1919 0
1920 0
1921 0
1922 0
1923 0
1924 0
1925 0
1926 0
1927 0
1928 0
1929 0
1930 0
1931 0
1932 0
1933 0
1934 0
1935 0
1936 0
1937 0
1938 0
1939 0
1940 0
1941 0
1942 0
1943 0
1944 0
1945 0
1946 0
1947 0
1948 0
1949 0
1950 0
1951 0
1952 0
1953 0
1954 0
1955 0
1956 0
1957 0
1958 0
1959 0
1960 0
1961 0
1962 0
1963 0
1964 0
1965 0
1966 0
1967 0
1968 0
1969 0
1970 0
1971 0
1972 0
1973 0
1974 0
1975 0
1976 0
1977 0
1978 0
1979 0
1980 0
1981 0
1982 0
1983 0
1984 0
1985 0
1986 0
1987 0
1988 0
1989 0
1990 0
1991 0
1992 0
1993 0
1994 0
1995 0
1996 0
1997 0
1998 0
1999 0
2000 0
2001 0
2002 0
2003 0
2004 0
2005 0
2006 0
2007 0
2008 0
2009 0
2010 0
2011 0
2012 0
2013 0
2014 0
2015 0
2016 0
2017 0
2018 0
2019 0
2020 0
2021 0
2022 0
2023 0
2024 0
2025 0
2026 0
2027 0
2028 0
2029 0
2030 0
2031 0
2032 0
2033 0
2034 0
2035 0
2036 0
2037 0
2038 0
2039 0
2040 0
2041 0
2042 0
2043 0
2044 0
2045 0
2046 0
2047 0
2048 0
2049 0
2050 0
2051 0
2052 0
2053 0
2054 0
2055 0
2056 0
2057 0
2058 0
2059 0
2060 0
2061 0
2062 0
2063 0
2064 0
2065 0
2066 0
2067 0
2068 0
2069 0
2070 0
2071 0
2072 0
2073 0
2074 0
2075 0
2076 0
2077 0
2078 0
2079 0
2080 0
2081 0
2082 0
2083 0
2084 0
2085 0
2086 0
2087 0
2088 0
2089 0
2090 0
2091 0
2092 0
2093 0
2094 0
2095 0
2096 0
2097 0
2098 0
2099 0
2100 0
2101 0
2102 0
2103 0
2104 0
2105 0
2106 0
2107 0
2108 0
2109 0
2110 0
2111 0
2112 0
2113 0
2114 0
2115 0
2116 0
2117 0
2118 0
2119 0
2120 0
2121 0
2122 0
2123 0
2124 0
2125 0
2126 0
2127 0
2128 0
2129 0
2130 0
2131 0
2132 0
2133 0
2134 0
2135 0
2136 0
2137 0
2138 0
2139 0
2140 0
2141 0
2142 0
2143 0
2144 0
2145 0
2146 0
2147 0
2148 0
2149 0
2150 0
2151 0
2152 0
2153 0
2154 0
2155 0
2156 0
2157 0
2158 0
2159 0
2160 0
2161 0
2162 0
2163 0
2164 0
2165 0
2166 0
2167 0
2168 0
2169 0
2170 0
2171 0
2172 0
2173 0
2174 0
2175 0
2176 0
2177 0
2178 0
2179 0
2180 0
2181 0
2182 0
2183 0
2184 0
2185 0
2186 0
2187 0
2188 0
2189 0
2190 0
2191 0
2192 0
2193 0
2194 0
2195 0
2196 0
2197 0
2198 0
2199 0
2200 0
2201 0
2202 0
2203 0
2204 0
2205 0
2206 0
2207 0
2208 0
2209 0
2210 0
2211 0
2212 0
2213 0
2214 0
2215 0
2216 0
2217 0
2218 0
2219 0
2220 0
2221 0
2222 0
2223 0
2224 0
2225 0
2226 0
2227 0
2228 0
2229 0
2230 0
2231 0
2232 0
2233 0
2234 0
2235 0
2236 0
2237 0
2238 0
2239 0
2240 0
2241 0
2242 0
2243 0
2244 0
2245 0
2246 0
2247 0
2248 0
2249 0
2250 0
2251 0
2252 0
2253 0
2254 0
2255 0
2256 0
2257 0
2258 0
2259 0
2260 0
2261 0
2262 0
2263 0
2264 0
2265 0
2266 0
2267 0
2268 0
2269 0
2270 0
2271 0
2272 0
2273 0
2274 0
2275 0
2276 0
2277 0
2278 0
2279 0
2280 0
2281 0
2282 0
2283 0
2284 0
2285 0
2286 0
2287 0
2288 0
2289 0
2290 0
2291 0
2292 0
2293 0
2294 0
2295 0
2296 0
2297 0
2298 0
2299 0
2300 0
2301 0
2302 0
2303 0
2304 0
2305 0
2306 0
2307 0
2308 0
2309 0
2310 0
2311 0
2312 0
2313 0
2314 0
2315 0
2316 0
2317 0
2318 0
2319 0
2320 0
2321 0
2322 0
2323 0
2324 0
2325 0
2326 0
2327 0
2328 0
2329 0
2330 0
2331 0
2332 0
2333 0
2334 0
2335 0
2336 0
2337 0
2338 0
2339 0
2340 0
2341 0
2342 0
2343 0
2344 0
2345 0
2346 0
2347 0
2348 0
2349 0
2350 0
2351 0
2352 0
2353 0
2354 0
2355 0
2356 0
2357 0
2358 0
2359 0
2360 0
2361 0
2362 0
2363 0
2364 0
2365 0
2366 0
2367 0
2368 0
2369 0
2370 0
2371 0
2372 0
2373 0
2374 0
2375 0
2376 0
2377 0
2378 0
2379 0
2380 0
2381 0
2382 0
2383 0
2384 0
2385 0
2386 0
2387 0
2388 0
2389 0
2390 0
2391 0
2392 0
2393 0
2394 0
2395 0
2396 0
2397 0
2398 0
2399 0
2400 0
2401 0
2402 0
2403 0
2404 0
2405 0
2406 0
2407 0
2408 0
2409 0
2410 0
2411 0
2412 0
2413 0
2414 0
2415 0
2416 0
2417 0
2418 0
2419 0
2420 0
2421 0
2422 0
2423 0
2424 0
2425 0
2426 0
2427 0
2428 0
2429 0
2430 0
2431 0
2432 0
2433 0
2434 0
2435 0
2436 0
2437 0
2438 0
2439 0
2440 0
2441 0
2442 0
2443 0
2444 0
2445 0
2446 0
2447 0
2448 0
2449 0
2450 0
2451 0
2452 0
2453 0
2454 0
2455 0
2456 0
2457 0
2458 0
2459 0
2460 0
2461 0
2462 0
2463 0
2464 0
2465 0
2466 0
2467 0
2468 0
2469 0
2470 0
2471 0
2472 0
2473 0
2474 0
2475 0
2476 0
2477 0
2478 0
2479 0
2480 0
2481 0
2482 0
2483 0
2484 0
2485 0
2486 0
2487 0
2488 0
2489 0
2490 0
2491 0
2492 0
2493 0
2494 0
2495 0
2496 0
2497 0
2498 0
2499 0
2500 0
2501 0
2502 0
2503 0
2504 0
2505 0
2506 0
2507 0
2508 0
2509 0
2510 0
2511 0
2512 0
2513 0
2514 0
2515 0
2516 0
2517 0
2518 0
2519 0
2520 0
2521 0
2522 0
2523 0
2524 0
2525 0
2526 0
2527 0
2528 0
2529 0
2530 0
2531 0
2532 0
2533 0
2534 0
2535 0
2536 0
2537 0
2538 0
2539 0
2540 0
2541 0
2542 0
2543 0
2544 0
2545 0
2546 0
2547 0
2548 0
2549 0
2550 0
2551 0
2552 0
2553 0
2554 0
2555 0
2556 0
2557 0
2558 0
2559 0
2560 0
2561 0
2562 0
2563 0
2564 0
2565 0
2566 0
2567 0
2568 0
2569 0
2570 0
2571 0
2572 0
2573 0
2574 0
2575 0
2576 0
2577 0
2578 0
2579 0
2580 0
2581 0
2582 0
2583 0
2584 0
2585 0
2586 0
2587 0
2588 0
2589 0
2590 0
2591 0
2592 0
2593 0
2594 0
2595 0
2596 0
2597 0
2598 0
2599 0
2600 0
2601 0
2602 0
2603 0
2604 0
2605 0
2606 0
2607 0
2608 0
2609 0
2610 0
2611 0
2612 0
2613 0
2614 0
2615 0
2616 0
2617 0
2618 0
2619 0
2620 0
2621 0
2622 0
2623 0
2624 0
2625 0
2626 0
2627 0
2628 0
2629 0
2630 0
2631 0
2632 0
2633 0
2634 0
2635 0
2636 0
2637 0
2638 0
2639 0
2640 0
2641 0
2642 0
2643 0
2644 0
2645 0
2646 0
2647 0
2648 0
2649 0
2650 0
2651 0
2652 0
2653 0
2654 0
2655 0
2656 0
2657 0
2658 0
2659 0
2660 0
2661 0
2662 0
2663 0
2664 0
2665 0
2666 0
2667 0
2668 0
2669 0
2670 0
2671 0
2672 0
2673 0
2674 0
2675 0
2676 0
2677 0
2678 0
2679 0
2680 0
2681 0
2682 0
2683 0
2684 0
2685 0
2686 0
2687 0
2688 0
2689 0
2690 0
2691 0
2692 0
2693 0
2694 0
2695 0
2696 0
2697 0
2698 0
2699 0
2700 0
2701 0
2702 0
2703 0
2704 0
2705 0
2706 0
2707 0
2708 0
2709 0
2710 0
2711 0
2712 0
2713 0
2714 0
2715 0
2716 0
2717 0
2718 0
2719 0
2720 0
2721 0
2722 0
2723 0
2724 0
2725 0
2726 0
2727 0
2728 0
2729 0
2730 0
2731 0
2732 0
2733 0
2734 0
2735 0
2736 0
2737 0
2738 0
2739 0
2740 0
2741 0
2742 0
2743 0
2744 0
2745 0
2746 0
2747 0
2748 0
2749 0
2750 0
2751 0
2752 0
2753 0
2754 0
2755 0
2756 0
2757 0
2758 0
2759 0
2760 0
2761 0
2762 0
2763 0
2764 0
2765 0
2766 0
2767 0
2768 0
2769 0
2770 0
2771 0
2772 0
2773 0
2774 0
2775 0
2776 0
2777 0
2778 0
2779 0
2780 0
2781 0
2782 0
2783 0
2784 0
2785 0
2786 0
2787 0
2788 0
2789 0
2790 0
2791 0
2792 0
2793 0
2794 0
2795 0
2796 0
2797 0
2798 0
2799 0
2800 0
2801 0
2802 0
2803 0
2804 0
2805 0
2806 0
2807 0
2808 0
2809 0
2810 0
2811 0
2812 0
2813 0
2814 0
2815 0
2816 0
2817 0
2818 0
2819 0
2820 0
2821 0
2822 0
2823 0
2824 0
2825 0
2826 0
2827 0
2828 0
2829 0
2830 0
2831 0
2832 0
2833 0
2834 0
2835 0
2836 0
2837 0
2838 0
2839 0
2840 0
2841 0
2842 0
2843 0
2844 0
2845 0
2846 0
2847 0
2848 0
2849 0
2850 0
2851 0
2852 0
2853 0
2854 0
2855 0
2856 0
2857 0
2858 0
2859 0
2860 0
2861 0
2862 0
2863 0
2864 0
2865 0
2866 0
2867 0
2868 0
2869 0
2870 0
2871 0
2872 0
2873 0
2874 0
2875 0
2876 0
2877 0
2878 0
2879 0
2880 0
2881 0
2882 0
2883 0
2884 0
2885 0
2886 0
2887 0
2888 0
2889 0
2890 0
2891 0
2892 0
2893 0
2894 0
2895 0
2896 0
2897 0
2898 0
2899 0
2900 0
2901 0
2902 0
2903 0
2904 0
2905 0
2906 0
2907 0
2908 0
2909 0
2910 0
2911 0
2912 0
2913 0
2914 0
2915 0
2916 0
2917 0
2918 0
2919 0
2920 0
2921 0
2922 0
2923 0
2924 0
2925 0
2926 0
2927 0
2928 0
2929 0
2930 0
2931 0
2932 0
2933 0
2934 0
2935 0
2936 0
2937 0
2938 0
2939 0
2940 0
2941 0
2942 0
2943 0
2944 0
2945 0
2946 0
2947 0
2948 0
2949 0
2950 0
2951 0
2952 0
2953 0
2954 0
2955 0
2956 0
2957 0
2958 0
2959 0
2960 0
2961 0
2962 0
2963 0
2964 0
2965 0
2966 0
2967 0
2968 0
2969 0
2970 0
2971 0
2972 0
2973 0
2974 0
2975 0
2976 0
2977 0
2978 0
2979 0
2980 0
2981 0
2982 0
2983 0
2984 0
2985 0
2986 0
2987 0
2988 0
2989 0
2990 0
2991 0
2992 0
2993 0
2994 0
2995 0
2996 0
2997 0
2998 0
2999 0
