21 35 10
341,386;44,589;552,550;695,387;460,123;187,392;613,49;53,113;128,325;263,328;184,600;320,476;621,450;660,319;250,269;138,329;195,406;334,341;691,172;278,691;622,678;681,120;247,408;478,667;635,534;468,118;211,681;690,71;115,325;195,256;46,275;412,118;333,339;334,325;327,460;459,324;543,330;254,466;336,118;115,43;36,56;48,190;48,424;492,267;119,616;686,379;269,616;616,50;193,338;418,134;61,351;320,532;535,326;
322,386;285,269;191,479;324,202;379,67;382,386;386,674;672,545;660,611;617,547;473,265;278,412;269,600;532,183;253,188;466,477;688,396;536,394;250,610;197,632;462,541;536,694;695,351;492,265;185,202;60,683;592,137;138,533;465,142;214,62;61,400;405,99;275,43;123,37;112,597;604,548;621,688;480,386;421,53;118,609;604,534;536,329;425,112;117,690;622,619;632,121;121,410;130,522;519,689;240,204;406,408;412,200;695,466;470,271;
58,492;319,263;266,602;533,102;339,195;313,144;464,547;625,64;60,53;59,425;390,45;58,548;686,478;622,471;405,182;185,189;56,684;625,546;478,144;40,471;404,59;54,534;607,195;102,200;99,417;342,195;126,479;689,535;608,247;527,334;692,54;268,266;266,494;663,172;99,186;121,622;546,190;323,526;561,110;44,527;670,309;339,548;617,202;424,561;106,256;337,107;45,285;258,422;71,484;450,333;
240,379;128,355;107,473;565,477;468,51;48,252;398,392;422,392;565,110;256,481;692,544;535,329;536,198;488,608;544,616;676,688;519,552;272,188;182,604;619,613;408,331;264,239;202,333;335,608;600,480;471,110;116,129;131,137;103,187;188,688;467,114;254,183;182,688;551,258;258,605;406,195;270,338;256,59;54,417;522,103;172,352;114,344;379,255;339,113;179,194;189,488;340,549;546,183;107,404;624,379;310,546;619,240;204,617;
320,526;37,190;51,199;118,686;614,325;462,193;341,103;695,403;686,480;589,45;130,252;270,592;695,533;460,681;680,470;394,674;328,609;193,379;408,475;398,469;674,340;484,198;408,609;351,36;36,463;477,488;417,536;550,453;479,74;37,622;397,36;386,603;538,453;412,127;199,379;200,403;551,456;677,544;526,479;480,182;324,183;57,74;258,410;621,42;42,340;269,387;
408,272;326,125;169,403;479,477;592,599;352,589;616,398;392,142;43,519;625,257;329,246;390,263;338,526;492,603;390,407;410,61;54,259;263,393;468,681;404,678;686,198;207,113;43,197;59,114;189,351;421,456;250,339;417,118;112,414;625,686;686,124;201,550;520,410;418,187;113,463;468,589;624,551;468,622;621,473;673,465;468,667;600,386;390,188;51,548;624,100;
405,540;550,537;544,410;403,691;541,43;42,534;537,191;256,471;687,610;608,592;621,64;627,263;379,119;211,182;56,342;417,541;673,129;103,351;600,686;625,327;247,459;109,271;201,475;400,677;390,417;589,488;172,540;676,620;659,462;183,36;62,672;631,459;600,255;252,268;55,336;337,341;340,534;677,259;335,49;60,125;36,546;340,492;352,57;132,325;120,125;337,386;
551,239;342,532;40,340;272,355;462,561;422,529;541,137;453,599;634,609;617,322;214,47;243,551;592,328;544,417;382,182;120,680;691,627;134,188;125,270;269,590;627,281;46,464;466,271;334,616;480,547;547,592;614,322;51,55;60,127;125,675;519,631;562,618;692,199;479,522;688,424;110,352;464,414;520,202;342,392;193,272;269,183;405,48;71,214;495,425;635,412;
545,562;597,123;130,683;400,64;117,478;407,331;338,272;478,263;342,57;102,600;608,602;537,198;132,450;169,539;621,102;100,459;74,75;112,561;632,466;333,670;211,465;400,684;627,272;64,398;331,398;390,389;424,614;618,187;117,386;323,198;102,685;622,333;324,252;319,667;527,481;482,285;387,600;465,187;117,48;45,200;103,255;112,613;659,215;534,129;199,309;400,142;285,495;597,188;335,684;686,250;610,60;
541,267;257,526;425,694;547,355;320,681;681,328;322,319;603,616;552,477;475,484;450,121;121,677;677,393;473,532;607,602;609,481;621,352;463,142;562,330;123,57;57,470;680,74;40,313;342,260;99,545;414,121;49,189;46,520;663,325;71,195;51,604;403,635;673,399;338,269;522,64;275,495;463,182;250,269;194,613;468,100;660,540;534,117;187,130;239,551;411,189;183,634;602,541;685,478;414,114;247,691;624,616;618,285;250,672;673,532;676,492;535,183;215,484;
