21 35 10
240,204,0;270,338,0;338,269,0;263,328,0;324,252,0;322,386,0;351,36,0;71,214,0;320,532,0;532,183,0;110,352,0;319,667,0;632,466,0;466,477,0;477,488,0;625,546,0;544,417,0;450,333,0;263,393,0;463,142,0;106,256,0;258,410,0;410,61,0;59,114,0;184,600,0;600,686,0;686,478,0;405,48,0;48,424,0;424,614,0;470,271,0;340,534,0;535,183,0;285,269,0;269,387,0;460,123,0;121,622,0;625,64,0;64,398,0;467,114,0;112,613,0;621,102,0;102,685,0;688,424,0;390,417,0;417,118,0;46,520,0;627,263,0;275,495,0;621,42,0;100,459,0;
421,456,0;422,529,0;495,425,0;322,319,0;285,495,0;422,392,0;462,561,0;492,603,0;602,541,0;543,330,0;334,325,0;253,188,0;187,392,0;462,541,0;541,267,0;269,590,0;625,686,0;686,480,0;478,263,0;335,49,0;51,199,0;201,475,0;404,678,0;676,688,0;692,544,0;613,49,0;48,252,0;250,269,0;269,616,0;616,50,0;56,342,0;342,392,0;462,193,0;121,677,0;677,259,0;256,59,0;58,548,0;618,187,0;189,488,0;488,608,0;536,694,0;695,403,0;397,36,0;107,404,0;478,144,0;42,340,0;340,492,0;673,129,0;61,351,0;71,484,0;589,45,0;102,600,0;
131,137,0;102,200,0;199,309,0;379,67,0;60,53,0;51,55,0;54,259,0;327,460,0;425,112,0;113,463,0;463,182,0;182,604,0;604,548,0;550,537,0;536,329,0;329,246,0;211,465,0;464,547,0;545,562,0;600,255,0;252,268,0;336,118,0;117,386,0;386,674,0;676,492,0;460,681,0;686,379,0;379,119,0;119,616,0;617,322,0;320,476,0;468,118,0;118,609,0;537,198,0;130,683,0;686,198,0;169,539,0;538,453,0;450,121,0;51,604,0;635,412,0;482,285,0;214,62,0;103,255,0;352,57,0;58,492,0;36,546,0;625,257,0;103,351,0;
240,379,0;338,272,0;342,195,0;195,256,0;254,183,0;185,189,0;120,125,0;123,57,0;60,127,0;199,379,0;412,200,0;200,403,0;405,540,0;544,410,0;408,272,0;342,260,0;256,471,0;400,684,0;685,478,0;408,609,0;608,592,0;663,172,0;278,691,0;660,611,0;681,120,0;120,680,0;676,620,0;621,64,0;99,545,0;546,183,0;250,610,0;608,247,0;250,339,0;337,386,0;492,265,0;266,602,0;600,480,0;480,386,0;421,53,0;54,534,0;534,129,0;197,632,0;597,123,0;46,275,0;275,43,0;43,519,0;592,328,0;382,386,0;660,319,0;
74,75,0;390,389,0;424,561,0;631,459,0;459,324,0;324,183,0;183,36,0;211,182,0;115,43,0;45,285,0;320,526,0;565,110,0;214,47,0;48,190,0;193,338,0;339,195,0;195,406,0;406,195,0;194,613,0;614,325,0;254,466,0;465,142,0;37,190,0;189,351,0;319,263,0;335,608,0;607,195,0;55,336,0;335,684,0;688,396,0;468,51,0;51,548,0;551,258,0;258,605,0;536,198,0;132,325,0;256,481,0;412,118,0;114,344,0;342,532,0;466,271,0;341,386,0;526,479,0;479,74,0;40,340,0;338,526,0;670,309,0;382,182,0;62,672,0;695,387,0;
278,412,0;479,477,0;406,408,0;407,331,0;331,398,0;398,469,0;398,392,0;392,142,0;247,459,0;387,600,0;600,386,0;386,603,0;634,609,0;609,481,0;479,522,0;522,64,0;60,125,0;125,270,0;270,592,0;627,272,0;339,548,0;619,240,0;310,546,0;617,202,0;204,617,0;622,678,0;677,393,0;390,45,0;45,200,0;130,252,0;250,269,0;339,113,0;42,534,0;534,117,0;118,686,0;686,124,0;125,675,0;674,340,0;414,121,0;46,464,0;464,414,0;417,536,0;610,60,0;60,683,0;618,285,0;211,681,0;695,533,0;533,102,0;172,352,0;37,622,0;663,325,0;
268,266,0;337,341,0;341,103,0;99,417,0;418,134,0;132,450,0;519,689,0;691,627,0;624,379,0;624,616,0;547,592,0;592,137,0;134,188,0;117,48,0;49,189,0;116,129,0;130,522,0;484,198,0;128,325,0;323,198,0;169,403,0;403,691,0;689,535,0;535,329,0;258,422,0;390,263,0;257,526,0;527,334,0;333,670,0;673,399,0;400,142,0;36,56,0;57,74,0;40,471,0;468,589,0;660,540,0;541,43,0;44,527,0;527,481,0;480,182,0;182,688,0;692,54,0;59,425,0;352,589,0;625,327,0;40,313,0;313,144,0;138,533,0;659,215,0;
622,619,0;617,547,0;544,616,0;624,551,0;621,450,0;520,410,0;408,331,0;333,339,0;334,341,0;340,549,0;550,453,0;520,202,0;202,333,0;334,616,0;546,190,0;193,272,0;342,57,0;53,113,0;115,325,0;323,526,0;561,110,0;179,194,0;123,37,0;36,463,0;390,188,0;185,202,0;269,183,0;112,561,0;562,330,0;403,635,0;565,477,0;471,110,0;43,197,0;128,355,0;320,681,0;680,74,0;71,195,0;54,417,0;417,541,0;541,137,0;138,329,0;266,494,0;492,267,0;337,107,0;107,473,0;551,456,0;247,691,0;659,462,0;519,631,0;690,71,0;
552,550,0;619,613,0;608,602,0;604,534,0;607,602,0;635,534,0;536,394,0;394,674,0;673,532,0;603,616,0;616,398,0;468,681,0;681,328,0;328,609,0;537,191,0;191,479,0;480,547,0;621,473,0;473,532,0;535,326,0;326,125,0;193,379,0;412,127,0;126,479,0;411,189,0;121,410,0;405,99,0;99,186,0;117,478,0;405,182,0;112,597,0;562,618,0;624,100,0;61,400,0;468,622,0;622,333,0;400,64,0;103,187,0;117,690,0;691,172,0;207,113,0;109,271,0;269,600,0;425,694,0;695,466,0;468,100,0;172,540,0;621,352,0;453,599,0;627,281,0;
519,552,0;552,477,0;408,475,0;475,484,0;589,488,0;522,103,0;243,551,0;621,688,0;687,610,0;680,470,0;473,265,0;264,239,0;239,551,0;551,239,0;272,188,0;187,130,0;201,550,0;622,471,0;400,677,0;677,544,0;614,322,0;250,672,0;673,465,0;465,187,0;183,634,0;672,545,0;547,355,0;390,407,0;404,59,0;57,470,0;468,667,0;597,188,0;188,688,0;692,199,0;272,355,0;324,202,0;379,255,0;247,408,0;478,667,0;632,121,0;56,684,0;686,250,0;215,484,0;414,114,0;112,414,0;418,187,0;44,589,0;592,599,0;695,351,0;
