21 35 10
240,204;270,338;338,269;263,328;324,252;322,386;351,36;71,214;211,182;183,36;110,352;387,600;600,386;386,603;673,532;565,110;214,47;48,190;191,479;478,263;263,393;394,674;673,465;463,142;106,256;258,410;412,127;128,325;323,198;126,479;405,99;99,186;117,478;478,667;597,188;188,688;692,199;130,683;686,198;169,539;538,453;488,608;541,137;172,540;551,456;352,57;58,492;352,589;625,327;382,182;62,672;690,71;
421,456;422,529;495,425;322,319;285,495;635,534;607,602;602,541;543,330;334,341;340,549;550,453;522,103;243,551;550,537;537,191;193,338;336,118;115,325;323,526;561,110;179,194;123,37;37,190;121,410;411,189;120,680;681,120;117,386;390,407;404,59;57,470;468,667;600,480;412,118;121,622;622,333;471,110;40,471;468,622;621,102;207,113;112,613;618,285;214,62;59,425;425,694;695,533;621,352;247,691;695,387;621,42;
131,137;102,200;199,309;379,67;60,53;51,55;54,259;327,460;425,112;113,463;463,182;320,526;634,609;536,329;329,246;211,465;466,477;408,609;681,328;328,609;608,592;627,272;310,546;547,355;319,263;335,684;686,379;379,119;119,616;613,49;46,464;465,187;118,686;686,124;125,675;674,340;341,386;492,265;266,494;466,271;342,532;526,479;479,74;40,340;414,114;43,519;659,462;519,631;659,215;
240,379;338,272;342,195;195,256;254,183;185,189;120,125;123,57;60,127;125,270;270,592;592,137;134,188;117,48;49,189;189,351;319,667;632,466;464,547;545,562;562,330;335,608;535,329;258,422;386,674;676,492;460,681;676,620;621,64;99,545;546,183;250,610;610,60;57,74;36,56;56,684;691,172;138,329;468,589;660,540;400,64;64,398;468,100;102,685;692,54;46,520;592,328;382,386;592,599;
74,75;390,389;424,561;631,459;422,392;462,561;492,603;603,616;616,398;400,684;687,610;609,481;479,522;520,202;201,550;621,473;477,488;484,198;194,613;614,325;254,466;465,142;182,604;604,548;622,471;470,271;269,616;616,50;55,336;337,386;424,614;617,322;320,476;403,635;460,123;54,417;417,541;541,43;44,527;527,481;480,386;421,53;60,683;686,250;215,484;627,263;418,187;37,622;660,319;103,351;
278,412;479,477;408,475;475,484;589,488;418,134;132,450;519,689;691,627;625,546;547,592;625,686;686,478;408,272;272,188;116,129;130,522;522,64;169,403;403,691;660,611;685,478;405,48;48,424;390,45;45,200;130,252;250,269;339,113;42,534;537,198;128,355;285,269;269,387;320,681;680,74;71,195;266,602;464,414;450,121;51,604;534,129;103,255;112,414;417,118;40,313;313,144;100,459;
268,266;337,341;341,103;99,417;412,200;199,379;624,379;624,616;621,688;686,480;480,547;544,410;410,61;60,125;51,199;201,475;406,195;193,379;342,57;56,342;339,548;619,240;278,691;689,535;535,183;112,597;562,618;624,100;61,400;400,142;36,463;462,193;256,59;58,548;618,187;189,488;663,172;103,187;117,690;688,424;492,267;337,107;107,473;338,526;597,123;44,589;625,257;138,533;
622,619;617,547;544,616;624,551;621,450;520,410;408,331;333,339;339,195;195,406;405,540;541,267;334,325;253,188;187,130;200,403;404,678;677,544;544,417;450,333;335,49;48,252;252,268;269,590;625,64;59,114;112,561;600,686;688,396;468,51;51,548;551,258;258,605;607,195;121,677;677,259;256,481;414,121;54,534;536,198;197,632;632,121;46,275;275,43;42,340;340,492;670,309;275,495;71,484;589,45;102,600;
552,550;619,613;608,602;604,534;536,394;398,469;468,681;680,470;473,265;264,239;239,551;551,239;202,333;334,616;546,190;193,272;342,260;256,471;400,677;676,688;692,544;614,322;390,188;185,202;204,617;622,678;677,393;390,263;257,526;527,334;333,670;673,399;468,118;43,197;132,325;324,202;272,355;390,417;417,536;536,694;695,403;397,36;107,404;480,182;182,688;695,466;533,102;172,352;453,599;627,281;
519,552;552,477;406,408;407,331;331,398;398,392;392,142;247,459;459,324;324,183;115,43;45,285;320,532;532,183;187,392;462,541;473,532;535,326;326,125;53,113;184,600;600,255;250,672;672,545;617,202;269,183;183,634;565,477;405,182;250,269;340,534;534,117;118,609;608,247;250,339;342,392;467,114;114,344;379,255;247,408;478,144;109,271;269,600;635,412;482,285;211,681;673,129;61,351;36,546;663,325;695,351;
