0 0
1 0
2 0
3 0
4 0
5 0
6 0
7 0
8 0
9 0
10 0
11 0
12 0
13 0
14 0
15 0
16 0
17 0
18 0
19 0
20 1
21 1
22 1
23 1
24 1
25 1
26 1
27 1
28 1
29 1
30 2
31 2
32 3
33 3
34 3
35 3
36 3
37 3
38 3
39 3
40 3
41 3
42 4
43 4
44 4
45 5
46 5
47 5
48 5
49 5
50 5
51 5
52 5
53 5
54 5
55 5
56 5
57 6
58 6
59 6
60 6
61 6
62 7
63 8
64 8
65 8
66 8
67 8
68 8
69 8
70 8
71 8
72 8
73 8
74 8
75 8
76 10
77 10
78 10
79 10
80 10
81 10
82 10
83 10
84 10
85 11
86 11
87 11
88 11
89 14
90 14
91 14
92 15
93 15
94 15
95 16
96 16
97 16
98 16
99 17
100 17
101 17
102 17
103 17
104 17
105 17
106 17
107 18
108 18
109 18
110 18
111 18
112 18
113 18
114 18
115 18
116 18
117 19
118 19
119 19
120 18
121 18
122 18
123 18
124 18
125 18
126 18
127 18
128 18
129 18
130 17
131 17
132 16
133 16
134 16
135 17
136 17
137 17
138 17
139 18
140 19
141 19
142 18
143 19
144 19
145 18
146 18
147 18
148 18
149 18
150 18
151 18
152 19
153 19
154 20
155 21
156 21
157 20
158 20
159 20
160 20
161 20
162 19
163 18
164 18
165 18
166 18
167 18
168 19
169 19
170 19
171 19
172 19
173 19
174 20
175 20
176 18
177 18
178 19
179 19
180 19
181 19
182 20
183 21
184 21
185 20
186 20
187 20
188 20
189 17
190 17
191 17
192 16
193 16
194 16
195 15
196 15
197 15
198 15
199 14
200 15
201 15
202 15
203 18
204 19
205 19
206 19
207 19
208 19
209 19
210 19
211 20
212 20
213 20
214 20
215 20
216 20
217 19
218 19
219 19
220 19
221 19
222 21
223 22
224 22
225 22
226 22
227 22
228 22
229 23
230 23
231 23
232 23
233 23
234 23
235 22
236 23
237 24
238 24
239 23
240 23
241 23
242 23
243 22
244 23
245 23
246 23
247 24
248 24
249 24
250 24
251 24
252 23
253 23
254 22
255 21
256 21
257 22
258 22
259 23
260 23
261 23
262 23
263 23
264 23
265 23
266 24
267 24
268 23
269 23
270 23
271 23
272 23
273 23
274 22
275 22
276 22
277 22
278 21
279 21
280 21
281 21
282 20
283 19
284 20
285 21
286 21
287 22
288 22
289 22
290 22
291 22
292 22
293 22
294 22
295 22
296 22
297 22
298 22
299 23
300 22
301 22
302 22
303 20
304 20
305 21
306 21
307 20
308 20
309 21
310 21
311 20
312 20
313 20
314 20
315 21
316 21
317 21
318 21
319 21
320 21
321 21
322 19
323 19
324 19
325 19
326 19
327 19
328 19
329 18
330 18
331 18
332 19
333 20
334 21
335 22
336 21
337 20
338 20
339 20
340 19
341 20
342 20
343 20
344 20
345 20
346 20
347 19
348 19
349 19
350 19
351 20
352 21
353 21
354 21
355 21
356 22
357 21
358 21
359 20
360 20
361 20
362 21
363 21
364 21
365 21
366 21
367 21
368 21
369 21
370 21
371 21
372 22
373 22
374 22
375 22
376 22
377 22
378 22
379 23
380 23
381 24
382 24
383 24
384 23
385 22
386 22
387 21
388 21
389 22
390 22
391 22
392 22
393 22
394 22
395 22
396 22
397 22
398 22
399 21
400 21
401 22
402 23
403 22
404 21
405 20
406 20
407 20
408 20
409 19
410 19
411 20
412 20
413 21
414 22
415 21
416 21
417 21
418 21
419 21
420 21
421 21
422 21
423 20
424 21
425 21
426 21
427 21
428 21
429 21
430 21
431 21
432 20
433 20
434 19
435 19
436 19
437 19
438 19
439 19
440 19
441 18
442 18
443 18
444 18
445 19
446 19
447 19
448 20
449 21
450 21
451 20
452 20
453 20
454 20
455 20
456 19
457 19
458 19
459 19
460 20
461 20
462 19
463 19
464 19
465 19
466 18
467 19
468 19
469 19
470 19
471 20
472 19
473 19
474 20
475 20
476 20
477 20
478 20
479 19
480 19
481 18
482 19
483 19
484 19
485 19
486 19
487 19
488 19
489 18
490 18
491 18
492 18
493 18
494 18
495 18
496 19
497 19
498 19
499 20
500 21
501 21
502 20
503 20
504 20
505 20
506 20
507 21
508 21
509 22
510 22
511 21
512 21
513 20
514 19
515 19
516 19
517 19
518 19
519 21
520 21
521 21
522 22
523 22
524 21
525 21
526 21
527 22
528 22
529 22
530 22
531 22
532 22
533 21
534 21
535 20
536 20
537 20
538 20
539 20
540 20
541 20
542 20
543 20
544 20
545 19
546 19
547 19
548 18
549 17
550 17
551 17
552 16
553 16
554 16
555 16
556 17
557 17
558 18
559 18
560 17
561 17
562 17
563 18
564 18
565 18
566 19
567 18
568 19
569 19
570 19
571 18
572 19
573 20
574 19
575 20
576 20
577 20
578 20
579 20
580 20
581 20
582 19
583 19
584 19
585 19
586 19
587 19
588 19
589 20
590 20
591 21
592 21
593 21
594 21
595 21
596 20
597 21
598 22
599 22
600 21
601 20
602 21
603 21
604 21
605 21
606 21
607 20
608 20
609 19
610 19
611 19
612 19
613 19
614 20
615 20
616 20
617 20
618 20
619 18
620 18
621 18
622 17
623 18
624 18
625 18
626 18
627 17
628 17
629 17
630 17
631 17
632 17
633 18
634 19
635 20
636 20
637 20
638 20
639 20
640 20
641 20
642 20
643 20
644 19
645 19
646 19
647 19
648 19
649 19
650 19
651 19
652 19
653 20
654 20
655 20
656 19
657 20
658 19
659 19
660 20
661 21
662 22
663 21
664 21
665 21
666 20
667 20
668 19
669 20
670 20
671 20
672 19
673 18
674 18
675 18
676 18
677 18
678 18
679 18
680 18
681 18
682 18
683 19
684 19
685 20
686 20
687 20
688 20
689 20
690 20
691 19
692 20
693 20
694 20
695 21
696 21
697 20
698 19
699 18
700 18
701 19
702 18
703 18
704 18
705 19
706 19
707 19
708 19
709 19
710 20
711 20
712 21
713 21
714 20
715 21
716 21
717 21
718 21
719 21
720 21
721 21
722 21
723 21
724 21
725 21
726 21
727 21
728 21
729 21
730 22
731 23
732 23
733 22
734 21
735 20
736 20
737 20
738 20
739 20
740 20
741 20
742 20
743 20
744 20
745 20
746 20
747 20
748 20
749 21
750 21
751 21
752 22
753 22
754 22
755 22
756 22
757 21
758 23
759 23
760 22
761 21
762 20
763 20
764 20
765 20
766 20
767 20
768 20
769 20
770 20
771 20
772 21
773 21
774 21
775 20
776 20
777 20
778 21
779 21
780 21
781 21
782 21
783 20
784 20
785 19
786 19
787 20
788 20
789 19
790 19
791 19
792 18
793 18
794 18
795 17
796 17
797 18
798 18
799 18
800 19
801 19
802 19
803 19
804 19
805 19
806 19
807 19
808 20
809 20
810 19
811 19
812 18
813 18
814 18
815 17
816 18
817 18
818 18
819 19
820 19
821 20
822 20
823 19
824 19
825 19
826 20
827 20
828 20
829 20
830 20
831 19
832 19
833 20
834 20
835 20
836 20
837 23
838 23
839 23
840 23
841 23
842 23
843 23
844 23
845 23
846 23
847 23
848 23
849 22
850 22
851 22
852 21
853 20
854 21
855 21
856 21
857 21
858 19
859 20
860 20
861 20
862 20
863 20
864 20
865 20
866 20
867 20
868 20
869 19
870 20
871 20
872 19
873 20
874 20
875 21
876 21
877 21
878 20
879 20
880 20
881 21
882 21
883 21
884 22
885 22
886 22
887 21
888 21
889 21
890 22
891 22
892 22
893 22
894 22
895 22
896 22
897 21
898 22
899 22
900 21
901 20
902 20
903 20
904 20
905 19
906 19
907 19
908 18
909 18
910 18
911 19
912 21
913 21
914 21
915 21
916 20
917 21
918 21
919 20
920 21
921 20
922 20
923 21
924 21
925 22
926 21
927 21
928 21
929 21
930 21
931 21
932 21
933 20
934 20
935 20
936 21
937 18
938 18
939 18
940 18
941 18
942 18
943 18
944 18
945 18
946 18
947 18
948 18
949 18
950 18
951 18
952 19
953 21
954 20
955 20
956 21
957 21
958 21
959 20
960 20
961 20
962 20
963 20
964 20
965 20
966 20
967 20
968 21
969 21
970 20
971 20
972 21
973 20
974 20
975 19
976 19
977 19
978 19
979 19
980 19
981 18
982 18
983 18
984 17
985 17
986 18
987 19
988 19
989 19
990 18
991 18
992 18
993 19
994 19
995 20
996 21
997 21
998 20
999 20
1000 21
1001 21
1002 21
1003 21
1004 21
1005 21
1006 21
1007 22
1008 22
1009 22
1010 22
1011 21
1012 19
1013 19
1014 19
1015 19
1016 19
1017 18
1018 19
1019 19
1020 19
1021 19
1022 20
1023 20
1024 20
1025 19
1026 19
1027 19
1028 19
1029 19
1030 18
1031 18
1032 18
1033 18
1034 18
1035 18
1036 18
1037 19
1038 19
1039 19
1040 20
1041 20
1042 20
1043 20
1044 20
1045 20
1046 20
1047 20
1048 21
1049 21
1050 21
1051 21
1052 20
1053 19
1054 19
1055 19
1056 18
1057 19
1058 20
1059 20
1060 20
1061 20
1062 21
1063 21
1064 21
1065 21
1066 21
1067 21
1068 21
1069 21
1070 21
1071 22
1072 21
1073 21
1074 21
1075 21
1076 21
1077 21
1078 21
1079 21
1080 21
1081 21
1082 21
1083 21
1084 22
1085 23
1086 22
1087 22
1088 22
1089 22
1090 22
1091 23
1092 23
1093 22
1094 22
1095 21
1096 20
1097 20
1098 20
1099 20
1100 19
1101 19
1102 19
1103 20
1104 20
1105 20
1106 20
1107 20
1108 20
1109 21
1110 21
1111 21
1112 21
1113 21
1114 21
1115 21
1116 21
1117 21
1118 20
1119 20
1120 19
1121 19
1122 18
1123 17
1124 17
1125 17
1126 19
1127 19
1128 19
1129 20
1130 20
1131 20
1132 20
1133 21
1134 21
1135 21
1136 21
1137 20
1138 20
1139 20
1140 19
1141 19
1142 19
1143 19
1144 20
1145 20
1146 20
1147 20
1148 19
1149 19
1150 20
1151 20
1152 21
1153 20
1154 20
1155 21
1156 21
1157 20
1158 19
1159 20
1160 20
1161 20
1162 19
1163 19
1164 19
1165 19
1166 19
1167 19
1168 18
1169 18
1170 18
1171 18
1172 18
1173 18
1174 18
1175 19
1176 21
1177 21
1178 21
1179 21
1180 21
1181 21
1182 21
1183 21
1184 20
1185 19
1186 19
1187 18
1188 19
1189 19
1190 21
1191 20
1192 20
1193 20
1194 20
1195 20
1196 20
1197 21
1198 21
1199 22
1200 22
1201 22
1202 22
1203 21
1204 21
1205 21
1206 21
1207 20
1208 21
1209 20
1210 20
1211 20
1212 20
1213 20
1214 21
1215 21
1216 22
1217 22
1218 22
1219 23
1220 23
1221 23
1222 23
1223 24
1224 24
1225 24
1226 22
1227 22
1228 22
1229 22
1230 22
1231 22
1232 22
1233 21
1234 21
1235 22
1236 21
1237 21
1238 21
1239 21
1240 21
1241 21
1242 21
1243 21
1244 20
1245 20
1246 21
1247 21
1248 21
1249 21
1250 20
1251 20
1252 19
1253 20
1254 20
1255 19
1256 19
1257 19
1258 19
1259 18
1260 18
1261 19
1262 20
1263 21
1264 21
1265 21
1266 21
1267 22
1268 22
1269 22
1270 22
1271 21
1272 21
1273 22
1274 22
1275 21
1276 20
1277 20
1278 20
1279 20
1280 20
1281 20
1282 20
1283 20
1284 20
1285 20
1286 20
1287 21
1288 20
1289 20
1290 18
1291 18
1292 18
1293 18
1294 18
1295 18
1296 18
1297 17
1298 17
1299 17
1300 18
1301 18
1302 18
1303 18
1304 18
1305 18
1306 18
1307 19
1308 18
1309 18
1310 19
1311 19
1312 19
1313 19
1314 19
1315 19
1316 18
1317 18
1318 18
1319 17
1320 17
1321 17
1322 18
1323 18
1324 18
1325 18
1326 18
1327 18
1328 18
1329 17
1330 18
1331 18
1332 18
1333 18
1334 18
1335 18
1336 18
1337 18
1338 18
1339 18
1340 18
1341 18
1342 18
1343 18
1344 18
1345 19
1346 18
1347 18
1348 19
1349 20
1350 20
1351 20
1352 20
1353 19
1354 19
1355 19
1356 19
1357 19
1358 20
1359 20
1360 20
1361 21
1362 20
1363 19
1364 20
1365 21
1366 21
1367 20
1368 20
1369 20
1370 20
1371 20
1372 20
1373 19
1374 19
1375 20
1376 19
1377 19
1378 19
1379 19
1380 19
1381 19
1382 19
1383 19
1384 19
1385 20
1386 20
1387 21
1388 21
1389 22
1390 22
1391 22
1392 23
1393 24
1394 24
1395 24
1396 25
1397 25
1398 25
1399 24
1400 23
1401 23
1402 23
1403 23
1404 23
1405 23
1406 23
1407 22
1408 22
1409 22
1410 21
1411 21
1412 21
1413 21
1414 20
1415 20
1416 20
1417 20
1418 20
1419 20
1420 20
1421 20
1422 19
1423 19
1424 19
1425 20
1426 20
1427 20
1428 21
1429 21
1430 20
1431 21
1432 21
1433 21
1434 21
1435 20
1436 21
1437 21
1438 21
1439 21
1440 22
1441 22
1442 22
1443 23
1444 23
1445 22
1446 22
1447 22
1448 21
1449 20
1450 20
1451 20
1452 20
1453 21
1454 21
1455 21
1456 21
1457 21
1458 20
1459 20
1460 20
1461 19
1462 19
1463 19
1464 18
1465 17
1466 18
1467 19
1468 20
1469 20
1470 21
1471 21
1472 21
1473 21
1474 21
1475 20
1476 20
1477 21
1478 21
1479 21
1480 21
1481 21
1482 21
1483 21
1484 21
1485 20
1486 20
1487 18
1488 18
1489 18
1490 18
1491 18
1492 18
1493 17
1494 17
1495 17
1496 16
1497 16
1498 16
1499 16
1500 16
1501 16
1502 16
1503 16
1504 16
1505 16
1506 16
1507 17
1508 17
1509 18
1510 19
1511 19
1512 20
1513 20
1514 20
1515 20
1516 20
1517 20
1518 21
1519 21
1520 21
1521 22
1522 23
1523 22
1524 22
1525 21
1526 21
1527 21
1528 20
1529 20
1530 20
1531 19
1532 19
1533 19
1534 19
1535 19
1536 18
1537 19
1538 19
1539 19
1540 18
1541 18
1542 18
1543 17
1544 18
1545 18
1546 18
1547 18
1548 18
1549 18
1550 19
1551 19
1552 19
1553 18
1554 18
1555 18
1556 19
1557 20
1558 20
1559 20
1560 22
1561 21
1562 22
1563 23
1564 23
1565 23
1566 23
1567 22
1568 21
1569 21
1570 20
1571 20
1572 20
1573 20
1574 20
1575 20
1576 20
1577 19
1578 19
1579 19
1580 19
1581 19
1582 19
1583 19
1584 19
1585 20
1586 20
1587 20
1588 20
1589 19
1590 19
1591 19
1592 18
1593 19
1594 19
1595 19
1596 20
1597 20
1598 20
1599 20
1600 20
1601 20
1602 20
1603 20
1604 20
1605 21
1606 21
1607 20
1608 21
1609 20
1610 19
1611 19
1612 19
1613 19
1614 19
1615 19
1616 19
1617 19
1618 18
1619 18
1620 18
1621 19
1622 18
1623 18
1624 19
1625 19
1626 19
1627 19
1628 19
1629 19
1630 20
1631 20
1632 20
1633 21
1634 21
1635 22
1636 22
1637 21
1638 22
1639 22
1640 22
1641 22
1642 22
1643 23
1644 22
1645 23
1646 23
1647 23
1648 23
1649 24
1650 23
1651 23
1652 23
1653 23
1654 23
1655 23
1656 22
1657 22
1658 22
1659 22
1660 20
1661 20
1662 19
1663 18
1664 18
1665 18
1666 18
1667 18
1668 18
1669 18
1670 18
1671 18
1672 18
1673 18
1674 18
1675 18
1676 19
1677 19
1678 19
1679 19
1680 19
1681 19
1682 19
1683 19
1684 19
1685 19
1686 19
1687 19
1688 21
1689 21
1690 21
1691 21
1692 22
1693 21
1694 21
1695 21
1696 20
1697 20
1698 20
1699 20
1700 20
1701 20
1702 20
1703 20
1704 20
1705 19
1706 20
1707 21
1708 21
1709 21
1710 21
1711 21
1712 20
1713 20
1714 20
1715 20
1716 20
1717 20
1718 20
1719 20
1720 21
1721 20
1722 20
1723 20
1724 19
1725 20
1726 21
1727 21
1728 22
1729 22
1730 21
1731 21
1732 21
1733 20
1734 21
1735 20
1736 20
1737 20
1738 19
1739 19
1740 19
1741 19
1742 19
1743 18
1744 20
1745 19
1746 19
1747 19
1748 19
1749 18
1750 18
1751 18
1752 18
1753 19
1754 19
1755 19
1756 20
1757 19
1758 19
1759 19
1760 19
1761 19
1762 20
1763 20
1764 20
1765 21
1766 20
1767 21
1768 21
1769 21
1770 21
1771 21
1772 21
1773 21
1774 21
1775 21
1776 20
1777 20
1778 20
1779 20
1780 20
1781 20
1782 21
1783 23
1784 23
1785 22
1786 22
1787 22
1788 20
1789 20
1790 20
1791 20
1792 19
1793 19
1794 19
1795 19
1796 20
1797 20
1798 20
1799 20
1800 22
1801 22
1802 22
1803 22
1804 22
1805 22
1806 22
1807 21
1808 20
1809 21
1810 22
1811 22
1812 22
1813 22
1814 22
1815 22
1816 22
1817 23
1818 23
1819 23
1820 22
1821 21
1822 21
1823 22
1824 22
1825 21
1826 20
1827 20
1828 19
1829 19
1830 20
1831 20
1832 21
1833 21
1834 20
1835 22
1836 22
1837 22
1838 22
1839 22
1840 23
1841 23
1842 23
1843 23
1844 22
1845 22
1846 22
1847 22
1848 22
1849 22
1850 22
1851 22
1852 22
1853 22
1854 22
1855 22
1856 21
1857 21
1858 21
1859 21
1860 21
1861 21
1862 20
1863 20
1864 20
1865 19
1866 19
1867 19
1868 19
1869 19
1870 19
1871 19
1872 20
1873 20
1874 20
1875 20
1876 20
1877 20
1878 20
1879 21
1880 21
1881 22
1882 21
1883 20
1884 22
1885 22
1886 22
1887 22
1888 22
1889 22
1890 22
1891 22
1892 22
1893 22
1894 22
1895 22
1896 21
1897 22
1898 22
1899 22
1900 20
1901 20
1902 20
1903 20
1904 20
1905 20
1906 19
1907 19
1908 19
1909 18
1910 17
1911 18
1912 19
1913 19
1914 19
1915 19
1916 19
1917 19
1918 19
1919 19
1920 19
1921 20
1922 20
1923 19
1924 19
1925 19
1926 21
1927 21
1928 21
1929 21
1930 20
1931 20
1932 20
1933 20
1934 20
1935 20
1936 20
1937 20
1938 20
1939 20
1940 19
1941 19
1942 19
1943 19
1944 18
1945 18
1946 18
1947 18
1948 18
1949 18
1950 18
1951 18
1952 18
1953 17
1954 17
1955 17
1956 18
1957 19
1958 19
1959 19
1960 19
1961 19
1962 19
1963 19
1964 20
1965 21
1966 21
1967 20
1968 21
1969 21
1970 21
1971 21
1972 20
1973 20
1974 20
1975 21
1976 21
1977 23
1978 23
1979 22
1980 23
1981 22
1982 22
1983 21
1984 19
1985 19
1986 19
1987 19
1988 19
1989 20
1990 20
1991 20
1992 20
1993 20
1994 20
1995 20
1996 20
1997 19
1998 19
1999 19
2000 19
2001 19
2002 19
2003 19
2004 19
2005 19
2006 19
2007 19
2008 19
2009 20
2010 20
2011 20
2012 20
2013 20
2014 20
2015 20
2016 20
2017 19
2018 19
2019 19
2020 19
2021 18
2022 18
2023 18
2024 18
2025 19
2026 17
2027 17
2028 19
2029 19
2030 19
2031 19
2032 18
2033 18
2034 18
2035 17
2036 18
2037 18
2038 18
2039 18
2040 18
2041 18
2042 18
2043 19
2044 19
2045 19
2046 19
2047 20
2048 20
2049 21
2050 21
2051 22
2052 22
2053 22
2054 22
2055 22
2056 22
2057 21
2058 21
2059 21
2060 21
2061 21
2062 21
2063 22
2064 21
2065 20
2066 20
2067 20
2068 19
2069 19
2070 19
2071 19
2072 19
2073 19
2074 20
2075 19
2076 19
2077 19
2078 19
2079 19
2080 18
2081 18
2082 18
2083 18
2084 18
2085 18
2086 19
2087 19
2088 20
2089 19
2090 19
2091 19
2092 19
2093 19
2094 19
2095 19
2096 20
2097 20
2098 20
2099 20
2100 21
2101 21
2102 21
2103 22
2104 23
2105 23
2106 23
2107 23
2108 23
2109 23
2110 23
2111 23
2112 22
2113 22
2114 22
2115 23
2116 23
2117 23
2118 23
2119 23
2120 23
2121 23
2122 23
2123 23
2124 23
2125 22
2126 22
2127 22
2128 20
2129 20
2130 20
2131 20
2132 20
2133 20
2134 20
2135 19
2136 18
2137 18
2138 19
2139 20
2140 20
2141 20
2142 20
2143 19
2144 19
2145 19
2146 19
2147 19
2148 19
2149 18
2150 18
2151 17
2152 18
2153 18
2154 18
2155 18
2156 17
2157 17
2158 17
2159 17
2160 17
2161 17
2162 17
2163 16
2164 16
2165 17
2166 17
2167 17
2168 17
2169 18
2170 19
2171 19
2172 19
2173 19
2174 18
2175 18
2176 18
2177 16
2178 16
2179 16
2180 16
2181 16
2182 16
2183 17
2184 17
2185 17
2186 16
2187 18
2188 19
2189 19
2190 20
2191 21
2192 21
2193 21
2194 21
2195 21
2196 20
2197 20
2198 20
2199 21
2200 22
2201 22
2202 22
2203 21
2204 20
2205 20
2206 20
2207 20
2208 21
2209 20
2210 20
2211 19
2212 19
2213 19
2214 19
2215 18
2216 18
2217 18
2218 18
2219 18
2220 18
2221 20
2222 20
2223 20
2224 20
2225 20
2226 20
2227 20
2228 20
2229 20
2230 20
2231 21
2232 21
2233 21
2234 22
2235 22
2236 22
2237 22
2238 21
2239 20
2240 20
2241 20
2242 20
2243 20
2244 20
2245 20
2246 20
2247 20
2248 20
2249 20
2250 20
2251 21
2252 20
2253 21
2254 22
2255 22
2256 22
2257 22
2258 22
2259 22
2260 22
2261 22
2262 23
2263 23
2264 23
2265 23
2266 23
2267 24
2268 24
2269 23
2270 23
2271 23
2272 23
2273 23
2274 23
2275 23
2276 23
2277 23
2278 25
2279 25
2280 25
2281 25
2282 25
2283 24
2284 24
2285 24
2286 24
2287 23
2288 21
2289 21
2290 20
2291 19
2292 19
2293 19
2294 19
2295 19
2296 19
2297 19
2298 19
2299 18
2300 16
2301 16
2302 16
2303 17
2304 18
2305 18
2306 19
2307 19
2308 18
2309 18
2310 18
2311 18
2312 18
2313 18
2314 18
2315 19
2316 20
2317 21
2318 21
2319 21
2320 21
2321 19
2322 19
2323 21
2324 21
2325 21
2326 21
2327 21
2328 21
2329 21
2330 21
2331 20
2332 20
2333 20
2334 19
2335 20
2336 20
2337 20
2338 20
2339 20
2340 20
2341 20
2342 20
2343 20
2344 20
2345 20
2346 20
2347 19
2348 19
2349 20
2350 21
2351 23
2352 23
2353 22
2354 21
2355 21
2356 21
2357 21
2358 21
2359 21
2360 21
2361 22
2362 21
2363 21
2364 21
2365 20
2366 21
2367 20
2368 20
2369 20
2370 19
2371 19
2372 19
2373 19
2374 19
2375 19
2376 19
2377 20
2378 18
2379 18
2380 18
2381 18
2382 19
2383 19
2384 20
2385 20
2386 20
2387 20
2388 21
2389 21
2390 21
2391 21
2392 22
2393 22
2394 22
2395 22
2396 22
2397 22
2398 22
2399 22
2400 22
2401 22
2402 22
2403 21
2404 20
2405 20
2406 19
2407 19
2408 19
2409 19
2410 20
2411 20
2412 20
2413 20
2414 20
2415 19
2416 18
2417 17
2418 17
2419 17
2420 17
2421 17
2422 18
2423 16
2424 16
2425 17
2426 17
2427 17
2428 17
2429 17
2430 17
2431 18
2432 18
2433 18
2434 18
2435 17
2436 17
2437 17
2438 17
2439 17
2440 17
2441 17
2442 19
2443 20
2444 21
2445 21
2446 21
2447 21
2448 21
2449 21
2450 20
2451 17
2452 18
2453 18
2454 18
2455 18
2456 18
2457 18
2458 18
2459 18
2460 18
2461 17
2462 17
2463 18
2464 18
2465 19
2466 18
2467 20
2468 20
2469 21
2470 21
2471 21
2472 21
2473 21
2474 21
2475 21
2476 21
2477 20
2478 20
2479 20
2480 20
2481 20
2482 19
2483 19
2484 18
2485 19
2486 19
2487 19
2488 18
2489 19
2490 20
2491 20
2492 19
2493 19
2494 19
2495 19
2496 19
2497 19
2498 20
2499 20
2500 20
2501 20
2502 20
2503 20
2504 21
2505 22
2506 22
2507 22
2508 22
2509 22
2510 22
2511 22
2512 22
2513 22
2514 22
2515 22
2516 22
2517 22
2518 22
2519 22
2520 22
2521 22
2522 21
2523 21
2524 21
2525 20
2526 20
2527 20
2528 20
2529 20
2530 20
2531 19
2532 19
2533 19
2534 19
2535 19
2536 19
2537 19
2538 19
2539 19
2540 19
2541 19
2542 17
2543 16
2544 15
2545 15
2546 15
2547 15
2548 15
2549 14
2550 14
2551 14
2552 13
2553 13
2554 13
2555 13
2556 13
2557 13
2558 13
2559 13
2560 13
2561 13
2562 13
2563 12
2564 12
2565 11
2566 11
2567 9
2568 9
2569 8
2570 8
2571 8
2572 8
2573 8
2574 8
2575 8
2576 8
2577 8
2578 8
2579 8
2580 8
2581 8
2582 8
2583 8
2584 8
2585 7
2586 7
2587 6
2588 6
2589 5
2590 4
2591 4
2592 4
2593 4
2594 4
2595 4
2596 4
2597 4
2598 3
2599 3
2600 3
2601 3
2602 3
2603 3
2604 2
2605 1
2606 1
2607 1
2608 1
2609 1
2610 0
2611 0
2612 0
2613 0
2614 0
2615 0
2616 0
2617 0
2618 0
2619 0
2620 0
2621 0
2622 0
2623 0
2624 0
2625 0
2626 0
2627 0
2628 0
2629 0
2630 0
2631 0
2632 0
2633 0
2634 0
2635 0
2636 0
2637 0
2638 0
2639 0
2640 0
2641 0
2642 0
2643 0
2644 0
2645 0
2646 0
2647 0
2648 0
2649 0
2650 0
2651 0
2652 0
2653 0
2654 0
2655 0
2656 0
2657 0
2658 0
2659 0
2660 0
2661 0
2662 0
2663 0
2664 0
2665 0
2666 0
2667 0
2668 0
2669 0
2670 0
2671 0
2672 0
2673 0
2674 0
2675 0
2676 0
2677 0
2678 0
2679 0
2680 0
2681 0
2682 0
2683 0
2684 0
2685 0
2686 0
2687 0
2688 0
2689 0
2690 0
2691 0
2692 0
2693 0
2694 0
2695 0
2696 0
2697 0
2698 0
2699 0
2700 0
2701 0
2702 0
2703 0
2704 0
2705 0
2706 0
2707 0
2708 0
2709 0
2710 0
2711 0
2712 0
2713 0
2714 0
2715 0
2716 0
2717 0
2718 0
2719 0
2720 0
2721 0
2722 0
2723 0
2724 0
2725 0
2726 0
2727 0
2728 0
2729 0
2730 0
2731 0
2732 0
2733 0
2734 0
2735 0
2736 0
2737 0
2738 0
2739 0
2740 0
2741 0
2742 0
2743 0
2744 0
2745 0
2746 0
2747 0
2748 0
2749 0
2750 0
2751 0
2752 0
2753 0
2754 0
2755 0
2756 0
2757 0
2758 0
2759 0
2760 0
2761 0
2762 0
2763 0
2764 0
2765 0
2766 0
2767 0
2768 0
2769 0
2770 0
2771 0
2772 0
2773 0
2774 0
2775 0
2776 0
2777 0
2778 0
2779 0
2780 0
2781 0
2782 0
2783 0
2784 0
2785 0
2786 0
2787 0
2788 0
2789 0
2790 0
2791 0
2792 0
2793 0
2794 0
2795 0
2796 0
2797 0
2798 0
2799 0
2800 0
2801 0
2802 0
2803 0
2804 0
2805 0
2806 0
2807 0
2808 0
2809 0
2810 0
2811 0
2812 0
2813 0
2814 0
2815 0
2816 0
2817 0
2818 0
2819 0
2820 0
2821 0
2822 0
2823 0
2824 0
2825 0
2826 0
2827 0
2828 0
2829 0
2830 0
2831 0
2832 0
2833 0
2834 0
2835 0
2836 0
2837 0
2838 0
2839 0
2840 0
2841 0
2842 0
2843 0
2844 0
2845 0
2846 0
2847 0
2848 0
2849 0
2850 0
2851 0
2852 0
2853 0
2854 0
2855 0
2856 0
2857 0
2858 0
2859 0
2860 0
2861 0
2862 0
2863 0
2864 0
2865 0
2866 0
2867 0
2868 0
2869 0
2870 0
2871 0
2872 0
2873 0
2874 0
2875 0
2876 0
2877 0
2878 0
2879 0
2880 0
2881 0
2882 0
2883 0
2884 0
2885 0
2886 0
2887 0
2888 0
2889 0
2890 0
2891 0
2892 0
2893 0
2894 0
2895 0
2896 0
2897 0
2898 0
2899 0
2900 0
2901 0
2902 0
2903 0
2904 0
2905 0
2906 0
2907 0
2908 0
2909 0
2910 0
2911 0
2912 0
2913 0
2914 0
2915 0
2916 0
2917 0
2918 0
2919 0
2920 0
2921 0
2922 0
2923 0
2924 0
2925 0
2926 0
2927 0
2928 0
2929 0
2930 0
2931 0
2932 0
2933 0
2934 0
2935 0
2936 0
2937 0
2938 0
2939 0
2940 0
2941 0
2942 0
2943 0
2944 0
2945 0
2946 0
2947 0
2948 0
2949 0
2950 0
2951 0
2952 0
2953 0
2954 0
2955 0
2956 0
2957 0
2958 0
2959 0
2960 0
2961 0
2962 0
2963 0
2964 0
2965 0
2966 0
2967 0
2968 0
2969 0
2970 0
2971 0
2972 0
2973 0
2974 0
2975 0
2976 0
2977 0
2978 0
2979 0
2980 0
2981 0
2982 0
2983 0
2984 0
2985 0
2986 0
2987 0
2988 0
2989 0
2990 0
2991 0
2992 0
2993 0
2994 0
2995 0
2996 0
2997 0
2998 0
2999 0
