21 35 10
240,2,0;204,4,2;270,10,6;338,14,4;337,15,1;341,19,4;342,20,1;195,35,13;195,35,0;256,47,11;254,49,2;183,56,7;185,58,2;189,62,4;120,65,3;125,70,5;123,72,2;57,80,8;60,83,3;127,94,11;199,98,4;379,108,10;624,115,7;616,123,8;547,126,3;592,137,11;592,137,0;137,151,13;169,155,4;403,173,18;404,174,1;678,190,14;677,191,1;544,202,11;544,202,0;417,222,17;484,227,5;198,241,14;128,243,2;325,262,19;326,263,1;125,278,15;123,280,2;37,298,18;37,298,0;190,315,17;189,316,1;351,334,18;386,335,1;674,351,16;676,353,2;492,367,14;390,373,6;45,388,15;45,388,0;200,408,19;130,410,2;683,439,25;688,444,5;396,464,20;465,467,3;187,486,18;117,488,2;478,509,21;478,509,0;667,537,27;492,542,5;265,567,25;266,568,1;602,592,24;537,599,7;198,622,21;272,630,8;355,655,25;250,658,3;339,679,21;337,681,2;107,707,26;71,709,2;195,731,22;197,733,2;632,766,33;632,766,0;121,796,29;109,808,12;271,834,26;341,836,2;386,865,27;352,867,2;57,896,29;58,897,1;492,933,34;673,944,11;129,976,32;100,983,7;459,1020,37;621,1046,26;42,1083,35;103,1110,27;351,1150,40;352,-1,;
422,1,0;529,6,5;495,8,2;425,10,2;322,15,5;319,18,3;390,21,3;389,22,1;424,23,1;561,30,7;631,32,2;459,40,8;459,40,0;324,50,9;324,50,0;183,60,9;183,60,0;36,72,11;211,77,5;182,84,7;320,90,6;532,98,8;673,105,7;532,112,7;565,115,3;110,128,13;214,132,4;47,145,13;48,148,1;190,158,10;193,161,3;272,174,13;342,176,2;260,190,14;263,193,3;393,211,14;394,212,1;674,226,14;673,227,1;465,239,12;464,240,1;547,256,15;545,258,2;562,277,19;561,278,1;110,295,17;250,299,4;672,313,14;672,313,0;545,331,17;614,334,3;322,354,20;319,357,3;263,373,16;258,378,5;422,394,16;460,398,4;681,415,17;613,419,4;49,439,20;48,440,1;424,460,20;424,460,0;614,480,20;617,483,3;322,507,23;320,509,2;476,529,20;471,534,5;110,555,21;250,559,4;269,580,19;269,580,0;387,607,26;320,612,5;681,633,21;680,634,1;74,662,28;36,666,4;56,686,20;56,686,0;684,711,24;686,713,2;198,739,24;207,748,9;113,774,26;40,779,5;471,802,23;466,807,5;271,828,21;342,831,3;532,859,26;425,864,5;694,895,31;695,896,1;466,921,25;551,942,17;456,969,27;36,981,12;546,1015,34;592,1027,12;599,1058,29;660,1087,27;319,1122,35;319,1122,0;320,1132,1;355,1147,1;
131,4,0;137,10,6;102,11,1;200,21,10;199,22,1;309,30,8;239,32,2;551,44,12;621,46,2;450,55,9;519,58,3;689,68,10;691,70,2;627,78,8;624,81,3;379,88,7;412,91,3;200,103,10;200,103,0;403,119,15;405,121,2;540,131,9;541,132,1;267,146,14;269,148,2;590,163,15;625,164,1;686,175,11;686,175,0;480,192,16;480,192,0;547,204,11;621,210,6;473,224,14;403,226,2;691,244,18;660,249,5;611,264,15;676,273,9;688,285,12;686,287,2;478,303,16;408,305,2;609,323,15;535,329,6;326,344,15;258,348,4;410,366,16;405,371,5;99,389,18;99,389,0;186,411,21;117,414,3;386,434,19;390,438,4;263,455,17;333,457,2;670,482,23;673,485,3;399,503,18;468,506,3;667,523,17;527,527,4;334,550,23;337,553,3;386,576,23;285,583,7;269,603,20;266,606,3;494,630,24;460,632,2;123,655,23;54,660,5;534,684,24;536,686,2;694,708,22;695,709,1;403,729,20;400,732,3;64,758,24;102,762,4;685,791,29;686,792,1;250,820,28;247,823,3;408,848,25;479,851,3;74,882,31;40,884,2;340,912,28;338,914,2;526,942,28;670,950,8;309,985,35;313,989,4;144,1022,33;37,1027,5;622,1068,41;663,1075,7;325,1107,32;325,1107,0;326,1117,1;327,1122,1;328,1123,1;329,1132,1;330,1146,1;
240,3,0;379,8,5;379,12,0;67,24,12;60,31,7;53,38,7;51,40,2;55,44,4;54,45,1;259,58,11;333,64,6;339,70,6;338,71,1;272,77,6;272,77,0;188,93,16;187,94,1;392,107,13;392,107,0;142,120,12;106,122,2;256,136,14;256,136,0;471,150,13;473,152,2;532,165,13;462,169,4;541,182,13;537,186,4;191,205,16;191,205,0;479,226,16;478,227,1;263,240,13;335,244,4;608,261,15;608,261,0;592,282,20;627,283,1;272,298,15;270,300,2;592,316,16;663,319,3;172,334,15;278,338,4;691,357,19;689,359,2;535,378,18;535,378,0;329,395,16;257,399,4;526,418,19;562,420,2;330,440,20;404,446,6;59,465,19;56,468,3;342,484,16;342,484,0;392,508,22;462,510,2;193,529,19;57,539,10;470,561,19;468,563,2;118,581,18;118,581,0;686,606,24;686,606,0;124,629,22;54,635,6;417,658,23;417,658,0;541,679,20;541,679,0;43,708,24;44,709,1;527,730,21;527,730,0;481,757,26;480,758,1;182,786,26;182,786,0;688,821,30;692,825,4;54,853,28;59,858,5;425,888,30;352,893,5;589,926,33;625,928,2;327,954,26;382,978,21;386,1010,32;71,1019,9;484,1058,39;659,1063,5;215,1099,36;215,1099,0;250,1108,1;285,1117,1;250,1122,1;285,1123,1;250,1132,1;285,1146,1;
285,6,0;495,14,6;421,20,6;456,21,1;422,23,2;392,29,6;462,31,2;561,40,9;492,43,3;603,52,9;602,53,1;541,64,11;543,66,2;330,77,9;334,81,4;341,88,7;341,88,0;103,102,14;99,106,4;417,118,12;418,119,1;134,131,12;134,131,0;188,149,18;187,150,1;130,165,15;201,168,3;550,185,15;550,185,0;537,199,13;536,200,1;329,215,15;329,215,0;246,231,15;211,232,1;465,248,16;463,250,2;142,265,15;179,268,3;194,283,15;121,288,5;410,305,17;410,305,0;61,321,15;59,323,2;114,342,17;184,344,2;600,360,16;600,360,0;686,379,18;685,380,1;478,399,15;405,404,5;182,424,19;112,426,2;561,445,19;562,446,1;618,468,22;624,474,6;100,490,16;61,495,5;400,519,21;400,519,0;142,540,20;36,544,4;463,563,19;467,567,4;114,586,19;114,586,0;344,613,26;414,615,2;121,636,21;46,645,9;464,665,20;464,665,0;414,688,22;412,690,2;118,714,22;117,715,1;690,747,29;691,748,1;172,769,21;172,769,0;540,798,28;468,808,8;100,836,28;103,839,3;255,867,28;214,874,7;62,902,28;61,903,1;351,939,34;247,943,4;691,979,36;625,985,6;257,1013,28;62,1034,21;672,1072,38;690,1090,18;71,1131,41;71,1131,0;106,1146,1;
278,2,0;412,12,10;479,17,5;477,19,2;407,22,2;331,30,8;331,30,0;398,38,7;398,38,0;392,45,6;322,49,4;386,57,8;387,58,1;600,67,9;600,67,0;386,77,10;386,77,0;603,90,13;603,90,0;616,104,13;616,104,0;398,119,14;400,121,2;684,136,12;687,139,3;610,148,9;544,154,6;410,168,14;408,170,2;272,180,10;342,182,2;57,198,15;53,202,4;113,214,12;116,217,3;129,230,13;125,234,4;270,249,15;340,251,2;549,264,13;619,266,2;240,283,17;204,285,2;617,304,19;617,304,0;202,324,19;339,333,9;548,348,15;622,354,6;678,370,16;676,374,2;620,390,16;621,391,1;64,410,19;99,411,1;545,434,22;547,436,2;355,458,22;390,459,1;407,478,17;403,482,4;635,502,20;600,503,1;480,529,24;625,538,9;64,555,17;64,555,0;398,582,26;468,584,2;622,602,18;622,602,0;333,623,19;468,632,9;589,651,19;660,654,3;540,672,18;541,673,1;137,703,28;138,704,1;329,729,25;397,739,10;36,760,21;107,763,3;404,788,25;478,794,6;144,822,28;107,825,3;473,851,26;618,862,11;285,889,27;211,895,6;681,923,28;695,937,14;533,963,26;621,983,20;352,1014,31;695,1051,37;351,1089,38;456,1092,3;421,1100,1;456,1108,1;421,1117,1;456,1122,1;421,1123,1;456,1132,1;421,1146,1;
338,10,0;269,13,3;268,14,1;266,16,2;263,19,3;328,26,7;324,30,4;252,34,4;74,42,8;75,43,1;110,44,1;352,54,10;351,55,1;36,64,9;71,65,1;214,72,7;247,75,3;459,83,8;425,85,2;112,96,11;113,97,1;463,111,14;466,114,3;477,125,11;477,125,0;488,137,11;522,139,2;103,152,13;243,156,4;551,172,16;551,172,0;239,187,12;310,190,3;546,206,16;546,206,0;190,231,16;193,234,3;379,252,16;412,255,3;127,271,15;130,274,3;522,292,18;522,292,0;64,309,16;60,313,4;125,326,13;126,327,1;479,348,21;411,352,4;189,372,18;120,375,3;680,397,20;681,398,1;120,417,19;121,418,1;677,446,22;677,446,0;259,467,20;258,468,1;605,489,21;607,491,2;195,511,20;125,513,2;675,542,26;674,543,1;340,571,26;340,571,0;534,594,22;536,596,2;198,618,22;169,625,7;539,651,26;538,652,1;453,675,23;488,676,1;608,700,24;534,706,6;129,733,27;60,742,9;683,769,27;688,774,5;424,800,26;390,802,2;417,831,27;417,831,0;536,857,25;533,860,3;102,897,37;417,906,9;118,933,27;43,944,11;519,978,34;519,978,0;631,1011,32;695,1041,30;387,1077,36;387,1077,0;422,1090,1;387,1100,1;422,1108,1;387,1117,1;422,1122,1;387,1123,1;422,1132,1;387,1146,1;
622,6,0;619,9,3;617,11,2;547,13,2;544,16,3;616,20,4;608,28,8;602,34,6;604,38,2;534,40,2;536,42,2;394,54,12;398,58,4;469,61,3;468,62,1;681,73,11;680,74,1;470,84,10;473,87,3;265,97,10;264,98,1;239,109,11;132,114,5;450,126,12;520,128,2;202,140,12;202,140,0;333,156,15;334,157,1;616,171,14;621,176,5;688,187,9;692,191,4;544,205,14;614,207,2;325,227,17;323,229,2;526,242,13;632,246,4;466,260,14;465,261,1;142,278,17;319,285,7;667,297,12;600,302,5;255,317,15;254,318,1;466,332,14;468,334,2;51,351,17;55,355,4;336,370,15;335,371,1;684,387,15;686,389,2;379,406,17;379,406,0;119,429,22;119,429,0;616,451,21;616,451,0;50,474,22;51,475,1;548,496,21;551,499,3;258,520,21;256,522,2;59,542,19;57,544,2;74,563,19;43,568,5;197,586,18;128,589,3;355,614,25;250,617,3;610,637,20;610,637,0;60,665,26;58,667,2;548,691,24;546,693,2;183,718,23;112,721,3;613,746,25;659,758,12;462,785,27;492,791,6;267,818,27;269,820,2;600,849,29;635,850,1;412,879,29;414,881,2;114,909,28;112,911,2;414,941,30;418,945,4;187,973,27;44,986,13;589,1021,35;589,1021,0;45,1056,34;102,1079,23;600,1121,42;600,1121,0;635,1123,1;670,1132,1;635,1146,1;
624,5,0;551,10,5;552,11,1;550,13,2;619,16,3;613,24,6;607,30,6;602,35,5;635,38,3;534,45,7;532,47,2;183,64,13;115,68,4;43,76,8;45,78,2;285,90,12;320,91,1;526,101,10;634,107,6;609,118,11;609,118,0;481,135,16;479,137,2;522,146,9;625,151,5;546,162,11;550,166,4;453,177,11;450,180,3;333,195,15;335,197,2;49,212,14;51,214,2;199,226,12;201,228,2;475,246,18;405,248,2;48,265,17;48,265,0;252,280,14;252,280,0;268,299,16;336,303,4;118,317,14;115,320,3;325,334,14;323,336,2;198,355,19;130,359,4;252,383,22;182,387,4;604,403,16;535,406,3;183,422,16;183,422,0;634,441,17;565,444,3;477,464,20;470,471,7;271,490,17;269,492,2;616,513,21;618,515,2;187,543,23;188,544,1;688,570,24;692,574,4;199,593,19;132,598,5;325,623,23;324,624,1;202,648,22;379,655,7;255,677,22;256,678,1;481,699,21;480,700,1;386,726,26;421,727,1;53,755,28;51,757,2;604,782,25;526,794,10;479,821,25;482,824,3;285,851,27;215,853,2;484,884,31;627,891,7;263,915,24;275,927,12;495,959,32;40,972,13;313,1007,35;453,1011,4;599,1046,34;627,1076,28;281,1116,40;281,1116,0;246,1122,1;281,1123,1;246,1132,1;281,1146,1;
519,4,0;552,7,3;552,7,0;477,17,9;406,20,3;408,22,2;408,22,0;475,27,5;475,27,0;484,37,9;589,40,3;488,47,7;520,51,4;410,59,8;408,61,2;331,70,9;334,73,3;325,85,9;327,87,2;460,98,11;463,101,3;182,114,11;253,119,5;188,130,11;117,133,3;48,144,11;49,145,1;189,155,10;193,162,4;338,173,11;339,174,1;195,188,14;195,188,0;406,207,13;406,207,0;195,221,13;194,222,1;613,237,15;681,241,4;328,256,15;328,256,0;609,272,15;604,279,5;548,295,16;622,301,6;471,316,15;400,319,3;677,334,15;677,334,0;393,351,16;390,355,3;188,369,14;185,372,3;202,391,17;269,398,7;183,416,18;112,419,3;597,438,19;597,438,0;188,462,23;118,464,2;609,485,21;608,486,1;247,507,21;250,510,3;269,529,19;339,531,2;113,553,22;42,558,5;534,576,18;534,576,0;117,598,21;121,602,4;622,629,25;621,630,1;102,651,21;103,652,1;187,676,24;189,678,2;488,705,27;450,709,4;121,732,23;46,741,9;275,766,25;275,766,0;43,795,28;42,796,1;340,822,26;340,822,0;492,851,28;597,854,3;123,884,30;46,893,9;520,925,32;592,929,4;328,955,26;382,975,20;182,1007,30;172,1033,26;352,1069,36;138,1108,38;533,1145,37;533,1145,0;
