0 0
1 0
2 0
3 0
4 0
5 0
6 0
7 0
8 0
9 0
10 0
11 0
12 0
13 0
14 0
15 0
16 0
17 0
18 0
19 0
20 1
21 1
22 1
23 1
24 1
25 1
26 1
27 1
28 1
29 1
30 2
31 2
32 3
33 3
34 3
35 3
36 3
37 3
38 3
39 3
40 3
41 3
42 4
43 4
44 4
45 5
46 5
47 5
48 5
49 5
50 5
51 5
52 5
53 5
54 5
55 5
56 5
57 6
58 6
59 6
60 6
61 6
62 7
63 8
64 8
65 8
66 8
67 8
68 8
69 8
70 8
71 8
72 8
73 8
74 8
75 8
76 10
77 10
78 10
79 10
80 10
81 10
82 10
83 10
84 10
85 11
86 11
87 11
88 11
89 14
90 14
91 14
92 15
93 15
94 15
95 16
96 16
97 16
98 16
99 17
100 17
101 17
102 17
103 17
104 17
105 17
106 17
107 18
108 18
109 18
110 18
111 18
112 18
113 18
114 18
115 18
116 18
117 19
118 19
119 19
120 18
121 18
122 18
123 18
124 18
125 18
126 18
127 18
128 18
129 18
130 17
131 17
132 16
133 16
134 16
135 17
136 17
137 17
138 17
139 18
140 19
141 19
142 18
143 19
144 19
145 18
146 18
147 18
148 18
149 18
150 18
151 18
152 19
153 19
154 20
155 21
156 21
157 20
158 20
159 20
160 20
161 20
162 19
163 18
164 18
165 18
166 18
167 18
168 19
169 19
170 19
171 19
172 19
173 19
174 20
175 20
176 18
177 18
178 19
179 19
180 19
181 19
182 20
183 21
184 21
185 20
186 20
187 20
188 20
189 17
190 17
191 17
192 16
193 16
194 16
195 15
196 15
197 15
198 15
199 14
200 15
201 15
202 15
203 18
204 19
205 19
206 19
207 19
208 19
209 19
210 19
211 20
212 20
213 20
214 20
215 20
216 20
217 19
218 19
219 19
220 19
221 19
222 21
223 22
224 22
225 22
226 22
227 22
228 22
229 23
230 23
231 23
232 23
233 23
234 23
235 22
236 23
237 24
238 24
239 23
240 23
241 23
242 23
243 22
244 23
245 23
246 23
247 24
248 24
249 24
250 24
251 24
252 23
253 23
254 22
255 21
256 21
257 22
258 22
259 23
260 23
261 23
262 23
263 23
264 23
265 23
266 24
267 24
268 23
269 23
270 23
271 23
272 23
273 23
274 22
275 22
276 22
277 22
278 21
279 21
280 21
281 21
282 20
283 19
284 20
285 21
286 21
287 22
288 22
289 22
290 22
291 22
292 22
293 22
294 22
295 22
296 22
297 22
298 22
299 23
300 22
301 22
302 22
303 20
304 20
305 21
306 21
307 20
308 20
309 21
310 21
311 20
312 20
313 20
314 20
315 21
316 21
317 21
318 21
319 21
320 21
321 21
322 19
323 19
324 19
325 19
326 19
327 19
328 19
329 18
330 18
331 18
332 19
333 20
334 21
335 22
336 21
337 20
338 20
339 20
340 19
341 20
342 20
343 20
344 20
345 20
346 20
347 19
348 19
349 19
350 19
351 20
352 21
353 21
354 21
355 21
356 22
357 21
358 21
359 20
360 20
361 20
362 21
363 21
364 21
365 21
366 21
367 21
368 21
369 21
370 21
371 21
372 22
373 22
374 22
375 22
376 22
377 22
378 22
379 23
380 23
381 24
382 24
383 24
384 23
385 22
386 22
387 21
388 21
389 22
390 22
391 22
392 22
393 22
394 22
395 22
396 22
397 22
398 22
399 21
400 21
401 22
402 23
403 22
404 21
405 20
406 20
407 20
408 20
409 19
410 19
411 20
412 20
413 21
414 22
415 21
416 21
417 21
418 21
419 21
420 21
421 21
422 21
423 20
424 21
425 21
426 21
427 21
428 21
429 21
430 21
431 21
432 21
433 21
434 20
435 19
436 19
437 19
438 19
439 19
440 19
441 18
442 18
443 18
444 18
445 19
446 19
447 19
448 20
449 21
450 21
451 20
452 19
453 20
454 20
455 20
456 19
457 19
458 19
459 19
460 20
461 20
462 19
463 19
464 19
465 19
466 18
467 19
468 19
469 19
470 19
471 19
472 19
473 19
474 20
475 20
476 20
477 20
478 20
479 19
480 19
481 18
482 19
483 19
484 19
485 19
486 19
487 19
488 20
489 19
490 19
491 19
492 19
493 19
494 19
495 19
496 19
497 19
498 21
499 21
500 22
501 21
502 20
503 20
504 21
505 21
506 21
507 21
508 21
509 22
510 22
511 21
512 21
513 20
514 19
515 19
516 19
517 19
518 21
519 21
520 21
521 21
522 21
523 22
524 21
525 21
526 21
527 21
528 21
529 21
530 21
531 21
532 20
533 19
534 20
535 20
536 20
537 20
538 20
539 20
540 20
541 21
542 21
543 21
544 20
545 19
546 20
547 20
548 19
549 18
550 18
551 18
552 18
553 17
554 17
555 17
556 17
557 17
558 18
559 18
560 17
561 17
562 18
563 18
564 18
565 18
566 19
567 18
568 20
569 20
570 20
571 20
572 19
573 20
574 20
575 20
576 20
577 20
578 20
579 20
580 20
581 20
582 19
583 19
584 19
585 19
586 19
587 19
588 18
589 19
590 19
591 19
592 19
593 20
594 20
595 20
596 20
597 20
598 18
599 18
600 19
601 20
602 20
603 21
604 20
605 20
606 20
607 20
608 20
609 19
610 19
611 19
612 19
613 19
614 20
615 20
616 20
617 20
618 18
619 18
620 18
621 18
622 19
623 18
624 18
625 18
626 18
627 18
628 18
629 18
630 18
631 19
632 19
633 20
634 19
635 19
636 20
637 20
638 20
639 20
640 20
641 19
642 19
643 19
644 19
645 19
646 19
647 19
648 19
649 19
650 19
651 19
652 19
653 19
654 19
655 19
656 19
657 20
658 20
659 21
660 21
661 22
662 21
663 21
664 22
665 22
666 21
667 21
668 19
669 19
670 19
671 19
672 19
673 18
674 17
675 17
676 18
677 18
678 18
679 18
680 18
681 18
682 19
683 19
684 19
685 19
686 20
687 20
688 21
689 20
690 21
691 21
692 22
693 21
694 21
695 21
696 21
697 21
698 21
699 22
700 20
701 19
702 19
703 18
704 18
705 18
706 18
707 18
708 18
709 18
710 21
711 21
712 21
713 21
714 20
715 21
716 21
717 21
718 21
719 21
720 21
721 21
722 20
723 21
724 21
725 21
726 21
727 21
728 21
729 22
730 22
731 22
732 22
733 21
734 21
735 21
736 20
737 20
738 20
739 20
740 20
741 20
742 20
743 21
744 21
745 21
746 20
747 20
748 20
749 20
750 20
751 20
752 20
753 21
754 21
755 21
756 21
757 20
758 20
759 20
760 20
761 20
762 20
763 20
764 19
765 19
766 19
767 19
768 19
769 20
770 21
771 21
772 21
773 21
774 21
775 21
776 20
777 20
778 21
779 21
780 21
781 21
782 20
783 20
784 20
785 20
786 19
787 20
788 19
789 19
790 18
791 18
792 17
793 17
794 17
795 17
796 17
797 18
798 18
799 17
800 18
801 19
802 19
803 19
804 20
805 20
806 20
807 20
808 21
809 21
810 18
811 18
812 18
813 18
814 18
815 18
816 18
817 19
818 19
819 19
820 19
821 19
822 20
823 19
824 20
825 20
826 20
827 20
828 20
829 19
830 19
831 18
832 19
833 19
834 20
835 20
836 20
837 23
838 23
839 23
840 23
841 23
842 23
843 22
844 22
845 22
846 22
847 22
848 22
849 22
850 22
851 22
852 22
853 22
854 22
855 22
856 22
857 22
858 21
859 21
860 21
861 20
862 20
863 20
864 20
865 20
866 20
867 21
868 21
869 20
870 19
871 19
872 20
873 21
874 21
875 21
876 21
877 21
878 20
879 20
880 20
881 21
882 21
883 21
884 22
885 23
886 23
887 22
888 22
889 22
890 22
891 22
892 22
893 22
894 22
895 22
896 22
897 21
898 21
899 22
900 21
901 20
902 20
903 20
904 19
905 19
906 19
907 19
908 19
909 19
910 19
911 19
912 20
913 20
914 20
915 19
916 20
917 20
918 20
919 20
920 20
921 20
922 21
923 21
924 20
925 20
926 20
927 20
928 21
929 21
930 21
931 22
932 22
933 22
934 21
935 21
936 21
937 18
938 18
939 18
940 18
941 18
942 18
943 18
944 18
945 18
946 18
947 18
948 18
949 18
950 18
951 18
952 19
953 18
954 20
955 20
956 21
957 21
958 21
959 20
960 20
961 20
962 20
963 20
964 20
965 20
966 20
967 19
968 20
969 20
970 20
971 21
972 20
973 19
974 19
975 19
976 19
977 19
978 19
979 19
980 19
981 18
982 18
983 18
984 17
985 16
986 16
987 18
988 18
989 18
990 19
991 19
992 19
993 19
994 19
995 20
996 21
997 21
998 21
999 20
1000 21
1001 21
1002 21
1003 21
1004 21
1005 21
1006 21
1007 21
1008 20
1009 20
1010 21
1011 21
1012 20
1013 20
1014 21
1015 22
1016 21
1017 21
1018 21
1019 21
1020 21
1021 21
1022 19
1023 20
1024 20
1025 20
1026 20
1027 20
1028 19
1029 19
1030 19
1031 18
1032 17
1033 17
1034 17
1035 17
1036 17
1037 17
1038 19
1039 19
1040 20
1041 20
1042 20
1043 20
1044 21
1045 21
1046 21
1047 21
1048 21
1049 21
1050 21
1051 21
1052 20
1053 20
1054 19
1055 19
1056 19
1057 19
1058 19
1059 19
1060 19
1061 20
1062 20
1063 21
1064 21
1065 21
1066 21
1067 21
1068 21
1069 21
1070 21
1071 21
1072 21
1073 21
1074 21
1075 21
1076 21
1077 21
1078 21
1079 21
1080 21
1081 21
1082 21
1083 21
1084 22
1085 22
1086 22
1087 20
1088 20
1089 21
1090 20
1091 21
1092 21
1093 21
1094 21
1095 20
1096 19
1097 20
1098 20
1099 20
1100 19
1101 19
1102 19
1103 19
1104 19
1105 20
1106 20
1107 20
1108 21
1109 21
1110 21
1111 21
1112 21
1113 21
1114 20
1115 19
1116 19
1117 18
1118 18
1119 18
1120 18
1121 18
1122 18
1123 17
1124 18
1125 18
1126 19
1127 19
1128 19
1129 19
1130 21
1131 21
1132 21
1133 21
1134 21
1135 21
1136 21
1137 22
1138 20
1139 20
1140 19
1141 19
1142 19
1143 19
1144 18
1145 18
1146 18
1147 19
1148 19
1149 20
1150 20
1151 21
1152 21
1153 21
1154 20
1155 20
1156 19
1157 19
1158 19
1159 19
1160 20
1161 19
1162 19
1163 18
1164 18
1165 18
1166 19
1167 20
1168 19
1169 19
1170 19
1171 18
1172 18
1173 18
1174 18
1175 19
1176 19
1177 19
1178 20
1179 21
1180 21
1181 21
1182 21
1183 21
1184 20
1185 20
1186 20
1187 21
1188 21
1189 20
1190 20
1191 20
1192 20
1193 20
1194 21
1195 21
1196 21
1197 20
1198 21
1199 21
1200 22
1201 22
1202 22
1203 22
1204 22
1205 22
1206 22
1207 22
1208 21
1209 21
1210 20
1211 20
1212 20
1213 20
1214 21
1215 21
1216 22
1217 22
1218 22
1219 22
1220 22
1221 24
1222 24
1223 24
1224 23
1225 23
1226 22
1227 22
1228 22
1229 23
1230 21
1231 21
1232 21
1233 21
1234 21
1235 22
1236 22
1237 21
1238 21
1239 21
1240 21
1241 21
1242 21
1243 21
1244 21
1245 21
1246 22
1247 21
1248 21
1249 20
1250 20
1251 19
1252 19
1253 20
1254 20
1255 20
1256 20
1257 20
1258 20
1259 20
1260 19
1261 20
1262 21
1263 22
1264 22
1265 22
1266 21
1267 21
1268 21
1269 21
1270 21
1271 21
1272 21
1273 21
1274 22
1275 21
1276 21
1277 21
1278 21
1279 20
1280 20
1281 20
1282 20
1283 20
1284 20
1285 20
1286 20
1287 20
1288 20
1289 20
1290 20
1291 19
1292 19
1293 19
1294 18
1295 18
1296 18
1297 18
1298 17
1299 18
1300 17
1301 18
1302 18
1303 18
1304 18
1305 17
1306 17
1307 18
1308 18
1309 19
1310 20
1311 21
1312 21
1313 21
1314 20
1315 20
1316 19
1317 19
1318 19
1319 19
1320 19
1321 17
1322 17
1323 17
1324 17
1325 17
1326 17
1327 17
1328 17
1329 16
1330 16
1331 16
1332 17
1333 18
1334 18
1335 17
1336 18
1337 18
1338 18
1339 18
1340 18
1341 19
1342 19
1343 20
1344 20
1345 20
1346 19
1347 19
1348 20
1349 20
1350 20
1351 20
1352 20
1353 19
1354 19
1355 19
1356 20
1357 20
1358 20
1359 21
1360 21
1361 20
1362 19
1363 18
1364 18
1365 19
1366 19
1367 18
1368 19
1369 19
1370 19
1371 20
1372 20
1373 20
1374 20
1375 20
1376 20
1377 20
1378 19
1379 19
1380 19
1381 19
1382 19
1383 19
1384 19
1385 20
1386 20
1387 19
1388 19
1389 20
1390 20
1391 21
1392 22
1393 23
1394 24
1395 24
1396 24
1397 24
1398 24
1399 23
1400 23
1401 23
1402 23
1403 23
1404 23
1405 23
1406 23
1407 22
1408 22
1409 21
1410 20
1411 19
1412 19
1413 19
1414 19
1415 19
1416 20
1417 20
1418 20
1419 20
1420 20
1421 20
1422 20
1423 20
1424 20
1425 20
1426 20
1427 21
1428 22
1429 22
1430 23
1431 23
1432 22
1433 21
1434 21
1435 21
1436 21
1437 21
1438 21
1439 21
1440 21
1441 21
1442 22
1443 21
1444 21
1445 21
1446 21
1447 21
1448 20
1449 20
1450 20
1451 20
1452 20
1453 20
1454 21
1455 21
1456 20
1457 20
1458 20
1459 19
1460 19
1461 19
1462 19
1463 19
1464 19
1465 19
1466 20
1467 21
1468 20
1469 21
1470 21
1471 20
1472 20
1473 20
1474 19
1475 19
1476 20
1477 20
1478 20
1479 21
1480 21
1481 21
1482 21
1483 21
1484 21
1485 20
1486 20
1487 20
1488 20
1489 19
1490 19
1491 19
1492 18
1493 17
1494 18
1495 18
1496 18
1497 18
1498 18
1499 18
1500 18
1501 17
1502 17
1503 17
1504 18
1505 18
1506 18
1507 19
1508 19
1509 19
1510 19
1511 19
1512 20
1513 20
1514 20
1515 21
1516 20
1517 21
1518 21
1519 21
1520 21
1521 22
1522 22
1523 22
1524 22
1525 22
1526 22
1527 21
1528 20
1529 20
1530 19
1531 19
1532 19
1533 19
1534 19
1535 19
1536 19
1537 19
1538 19
1539 19
1540 19
1541 18
1542 17
1543 17
1544 17
1545 17
1546 18
1547 18
1548 18
1549 19
1550 19
1551 19
1552 20
1553 20
1554 19
1555 19
1556 20
1557 21
1558 21
1559 22
1560 22
1561 22
1562 24
1563 24
1564 24
1565 23
1566 22
1567 22
1568 22
1569 21
1570 21
1571 21
1572 21
1573 21
1574 21
1575 21
1576 20
1577 20
1578 20
1579 19
1580 19
1581 19
1582 19
1583 21
1584 21
1585 21
1586 21
1587 21
1588 21
1589 21
1590 21
1591 20
1592 20
1593 20
1594 18
1595 18
1596 18
1597 18
1598 18
1599 18
1600 18
1601 18
1602 18
1603 19
1604 18
1605 18
1606 19
1607 18
1608 19
1609 20
1610 20
1611 20
1612 19
1613 19
1614 19
1615 18
1616 18
1617 18
1618 18
1619 18
1620 18
1621 17
1622 18
1623 18
1624 19
1625 19
1626 19
1627 19
1628 19
1629 19
1630 19
1631 19
1632 19
1633 19
1634 20
1635 20
1636 20
1637 20
1638 20
1639 22
1640 22
1641 22
1642 22
1643 23
1644 23
1645 23
1646 23
1647 23
1648 23
1649 22
1650 22
1651 22
1652 21
1653 22
1654 22
1655 22
1656 21
1657 20
1658 20
1659 19
1660 19
1661 20
1662 18
1663 18
1664 18
1665 18
1666 18
1667 17
1668 17
1669 17
1670 18
1671 18
1672 18
1673 18
1674 19
1675 19
1676 19
1677 19
1678 19
1679 19
1680 19
1681 19
1682 20
1683 18
1684 18
1685 18
1686 19
1687 21
1688 21
1689 21
1690 21
1691 21
1692 22
1693 22
1694 22
1695 22
1696 22
1697 22
1698 22
1699 22
1700 22
1701 22
1702 23
1703 22
1704 22
1705 22
1706 21
1707 21
1708 20
1709 21
1710 21
1711 21
1712 21
1713 21
1714 21
1715 21
1716 21
1717 20
1718 20
1719 20
1720 21
1721 21
1722 20
1723 20
1724 19
1725 20
1726 21
1727 21
1728 21
1729 21
1730 21
1731 21
1732 21
1733 22
1734 21
1735 22
1736 22
1737 22
1738 22
1739 20
1740 20
1741 21
1742 21
1743 20
1744 20
1745 20
1746 19
1747 19
1748 19
1749 19
1750 19
1751 19
1752 19
1753 19
1754 19
1755 20
1756 21
1757 21
1758 21
1759 21
1760 21
1761 20
1762 20
1763 21
1764 21
1765 22
1766 22
1767 22
1768 22
1769 22
1770 21
1771 21
1772 21
1773 21
1774 20
1775 20
1776 20
1777 20
1778 20
1779 20
1780 20
1781 21
1782 21
1783 21
1784 22
1785 22
1786 21
1787 19
1788 19
1789 19
1790 19
1791 19
1792 18
1793 18
1794 19
1795 19
1796 19
1797 19
1798 20
1799 20
1800 21
1801 21
1802 20
1803 20
1804 20
1805 20
1806 20
1807 20
1808 23
1809 21
1810 21
1811 21
1812 21
1813 21
1814 21
1815 21
1816 21
1817 21
1818 21
1819 21
1820 21
1821 22
1822 22
1823 22
1824 22
1825 21
1826 20
1827 20
1828 20
1829 21
1830 21
1831 21
1832 21
1833 20
1834 22
1835 22
1836 21
1837 21
1838 21
1839 21
1840 22
1841 21
1842 21
1843 21
1844 21
1845 22
1846 22
1847 22
1848 22
1849 22
1850 22
1851 22
1852 22
1853 22
1854 22
1855 21
1856 20
1857 20
1858 20
1859 20
1860 20
1861 20
1862 20
1863 19
1864 19
1865 18
1866 19
1867 19
1868 19
1869 19
1870 19
1871 19
1872 20
1873 20
1874 20
1875 20
1876 20
1877 20
1878 20
1879 20
1880 20
1881 21
1882 20
1883 21
1884 21
1885 21
1886 21
1887 22
1888 22
1889 22
1890 22
1891 22
1892 22
1893 22
1894 21
1895 21
1896 21
1897 21
1898 21
1899 21
1900 20
1901 20
1902 20
1903 20
1904 20
1905 20
1906 20
1907 20
1908 17
1909 17
1910 17
1911 20
1912 20
1913 20
1914 20
1915 20
1916 20
1917 20
1918 20
1919 20
1920 19
1921 19
1922 19
1923 19
1924 19
1925 19
1926 20
1927 21
1928 21
1929 20
1930 20
1931 21
1932 21
1933 21
1934 19
1935 19
1936 20
1937 20
1938 20
1939 20
1940 19
1941 19
1942 19
1943 19
1944 19
1945 18
1946 18
1947 18
1948 18
1949 18
1950 18
1951 18
1952 18
1953 17
1954 17
1955 17
1956 17
1957 17
1958 18
1959 18
1960 18
1961 19
1962 19
1963 19
1964 19
1965 19
1966 19
1967 20
1968 20
1969 21
1970 21
1971 21
1972 20
1973 20
1974 20
1975 21
1976 21
1977 22
1978 23
1979 23
1980 23
1981 22
1982 22
1983 21
1984 20
1985 20
1986 20
1987 19
1988 20
1989 20
1990 20
1991 20
1992 20
1993 20
1994 20
1995 20
1996 20
1997 20
1998 19
1999 19
2000 20
2001 20
2002 20
2003 20
2004 20
2005 20
2006 20
2007 20
2008 20
2009 20
2010 21
2011 18
2012 19
2013 19
2014 19
2015 19
2016 19
2017 19
2018 19
2019 19
2020 19
2021 18
2022 18
2023 18
2024 18
2025 18
2026 18
2027 17
2028 18
2029 19
2030 19
2031 18
2032 18
2033 19
2034 19
2035 19
2036 18
2037 18
2038 18
2039 18
2040 18
2041 18
2042 18
2043 19
2044 19
2045 19
2046 19
2047 19
2048 21
2049 21
2050 22
2051 22
2052 22
2053 22
2054 22
2055 22
2056 22
2057 22
2058 21
2059 21
2060 22
2061 21
2062 21
2063 21
2064 21
2065 21
2066 21
2067 20
2068 20
2069 19
2070 19
2071 19
2072 19
2073 19
2074 19
2075 19
2076 19
2077 20
2078 19
2079 19
2080 19
2081 18
2082 18
2083 18
2084 18
2085 18
2086 19
2087 20
2088 19
2089 19
2090 19
2091 19
2092 19
2093 19
2094 19
2095 19
2096 20
2097 20
2098 20
2099 20
2100 20
2101 20
2102 20
2103 21
2104 22
2105 22
2106 22
2107 22
2108 22
2109 23
2110 22
2111 23
2112 22
2113 22
2114 22
2115 23
2116 23
2117 23
2118 23
2119 23
2120 23
2121 23
2122 23
2123 23
2124 23
2125 23
2126 22
2127 22
2128 21
2129 20
2130 20
2131 20
2132 20
2133 19
2134 19
2135 18
2136 18
2137 18
2138 19
2139 20
2140 20
2141 20
2142 20
2143 19
2144 19
2145 19
2146 20
2147 20
2148 18
2149 18
2150 17
2151 17
2152 18
2153 18
2154 18
2155 18
2156 18
2157 18
2158 18
2159 18
2160 17
2161 17
2162 17
2163 17
2164 17
2165 18
2166 17
2167 17
2168 17
2169 18
2170 18
2171 19
2172 19
2173 19
2174 19
2175 18
2176 18
2177 16
2178 16
2179 16
2180 16
2181 16
2182 16
2183 17
2184 17
2185 17
2186 16
2187 17
2188 17
2189 18
2190 19
2191 19
2192 19
2193 20
2194 21
2195 21
2196 20
2197 20
2198 20
2199 20
2200 20
2201 22
2202 22
2203 21
2204 21
2205 21
2206 21
2207 21
2208 21
2209 20
2210 20
2211 19
2212 19
2213 19
2214 19
2215 18
2216 18
2217 18
2218 18
2219 19
2220 19
2221 19
2222 19
2223 20
2224 20
2225 20
2226 20
2227 20
2228 20
2229 20
2230 20
2231 20
2232 20
2233 21
2234 21
2235 21
2236 22
2237 22
2238 21
2239 20
2240 20
2241 20
2242 20
2243 20
2244 20
2245 21
2246 20
2247 20
2248 20
2249 20
2250 20
2251 20
2252 20
2253 20
2254 22
2255 22
2256 22
2257 22
2258 22
2259 23
2260 23
2261 23
2262 24
2263 25
2264 25
2265 24
2266 24
2267 24
2268 24
2269 24
2270 24
2271 23
2272 23
2273 24
2274 24
2275 24
2276 24
2277 25
2278 25
2279 26
2280 26
2281 26
2282 26
2283 25
2284 25
2285 25
2286 25
2287 23
2288 23
2289 22
2290 21
2291 21
2292 22
2293 21
2294 20
2295 20
2296 20
2297 20
2298 20
2299 20
2300 19
2301 17
2302 18
2303 18
2304 17
2305 17
2306 17
2307 17
2308 17
2309 17
2310 17
2311 17
2312 17
2313 18
2314 19
2315 19
2316 20
2317 21
2318 21
2319 20
2320 20
2321 20
2322 20
2323 19
2324 20
2325 20
2326 21
2327 21
2328 21
2329 21
2330 21
2331 21
2332 22
2333 21
2334 21
2335 21
2336 20
2337 20
2338 20
2339 20
2340 20
2341 20
2342 20
2343 20
2344 20
2345 19
2346 19
2347 21
2348 21
2349 22
2350 22
2351 22
2352 23
2353 23
2354 21
2355 22
2356 22
2357 22
2358 22
2359 21
2360 21
2361 21
2362 20
2363 19
2364 19
2365 20
2366 20
2367 20
2368 20
2369 19
2370 19
2371 19
2372 19
2373 18
2374 18
2375 18
2376 18
2377 17
2378 18
2379 17
2380 17
2381 17
2382 17
2383 18
2384 18
2385 19
2386 20
2387 20
2388 21
2389 21
2390 21
2391 21
2392 21
2393 21
2394 21
2395 21
2396 21
2397 21
2398 21
2399 21
2400 21
2401 21
2402 20
2403 20
2404 20
2405 20
2406 20
2407 20
2408 20
2409 20
2410 21
2411 21
2412 21
2413 20
2414 19
2415 19
2416 18
2417 17
2418 17
2419 17
2420 17
2421 19
2422 19
2423 19
2424 18
2425 18
2426 17
2427 17
2428 17
2429 17
2430 17
2431 17
2432 16
2433 17
2434 17
2435 17
2436 17
2437 17
2438 17
2439 17
2440 17
2441 17
2442 17
2443 19
2444 19
2445 20
2446 20
2447 20
2448 20
2449 20
2450 20
2451 20
2452 19
2453 19
2454 19
2455 18
2456 18
2457 18
2458 18
2459 18
2460 18
2461 19
2462 19
2463 19
2464 19
2465 18
2466 18
2467 18
2468 18
2469 18
2470 18
2471 20
2472 20
2473 21
2474 21
2475 21
2476 21
2477 21
2478 20
2479 20
2480 20
2481 20
2482 20
2483 19
2484 19
2485 19
2486 18
2487 18
2488 17
2489 18
2490 19
2491 19
2492 18
2493 19
2494 19
2495 19
2496 20
2497 20
2498 20
2499 20
2500 20
2501 20
2502 21
2503 21
2504 21
2505 21
2506 21
2507 21
2508 22
2509 23
2510 22
2511 22
2512 22
2513 22
2514 22
2515 22
2516 22
2517 22
2518 22
2519 22
2520 22
2521 20
2522 20
2523 20
2524 20
2525 20
2526 20
2527 20
2528 20
2529 20
2530 20
2531 20
2532 20
2533 19
2534 19
2535 19
2536 19
2537 19
2538 19
2539 19
2540 19
2541 19
2542 19
2543 17
2544 17
2545 16
2546 16
2547 14
2548 14
2549 13
2550 13
2551 13
2552 12
2553 12
2554 12
2555 12
2556 12
2557 12
2558 12
2559 12
2560 12
2561 11
2562 11
2563 11
2564 11
2565 11
2566 11
2567 11
2568 11
2569 11
2570 11
2571 9
2572 9
2573 8
2574 8
2575 8
2576 8
2577 8
2578 8
2579 8
2580 8
2581 8
2582 8
2583 8
2584 8
2585 7
2586 7
2587 7
2588 7
2589 6
2590 5
2591 5
2592 5
2593 4
2594 4
2595 4
2596 3
2597 3
2598 3
2599 3
2600 3
2601 3
2602 2
2603 2
2604 2
2605 2
2606 2
2607 2
2608 1
2609 0
2610 0
2611 0
2612 0
2613 0
2614 0
2615 0
2616 0
2617 0
2618 0
2619 0
2620 0
2621 0
2622 0
2623 0
2624 0
2625 0
2626 0
2627 0
2628 0
2629 0
2630 0
2631 0
2632 0
2633 0
2634 0
2635 0
2636 0
2637 0
2638 0
2639 0
2640 0
2641 0
2642 0
2643 0
2644 0
2645 0
2646 0
2647 0
2648 0
2649 0
2650 0
2651 0
2652 0
2653 0
2654 0
2655 0
2656 0
2657 0
2658 0
2659 0
2660 0
2661 0
2662 0
2663 0
2664 0
2665 0
2666 0
2667 0
2668 0
2669 0
2670 0
2671 0
2672 0
2673 0
2674 0
2675 0
2676 0
2677 0
2678 0
2679 0
2680 0
2681 0
2682 0
2683 0
2684 0
2685 0
2686 0
2687 0
2688 0
2689 0
2690 0
2691 0
2692 0
2693 0
2694 0
2695 0
2696 0
2697 0
2698 0
2699 0
2700 0
2701 0
2702 0
2703 0
2704 0
2705 0
2706 0
2707 0
2708 0
2709 0
2710 0
2711 0
2712 0
2713 0
2714 0
2715 0
2716 0
2717 0
2718 0
2719 0
2720 0
2721 0
2722 0
2723 0
2724 0
2725 0
2726 0
2727 0
2728 0
2729 0
2730 0
2731 0
2732 0
2733 0
2734 0
2735 0
2736 0
2737 0
2738 0
2739 0
2740 0
2741 0
2742 0
2743 0
2744 0
2745 0
2746 0
2747 0
2748 0
2749 0
2750 0
2751 0
2752 0
2753 0
2754 0
2755 0
2756 0
2757 0
2758 0
2759 0
2760 0
2761 0
2762 0
2763 0
2764 0
2765 0
2766 0
2767 0
2768 0
2769 0
2770 0
2771 0
2772 0
2773 0
2774 0
2775 0
2776 0
2777 0
2778 0
2779 0
2780 0
2781 0
2782 0
2783 0
2784 0
2785 0
2786 0
2787 0
2788 0
2789 0
2790 0
2791 0
2792 0
2793 0
2794 0
2795 0
2796 0
2797 0
2798 0
2799 0
2800 0
2801 0
2802 0
2803 0
2804 0
2805 0
2806 0
2807 0
2808 0
2809 0
2810 0
2811 0
2812 0
2813 0
2814 0
2815 0
2816 0
2817 0
2818 0
2819 0
2820 0
2821 0
2822 0
2823 0
2824 0
2825 0
2826 0
2827 0
2828 0
2829 0
2830 0
2831 0
2832 0
2833 0
2834 0
2835 0
2836 0
2837 0
2838 0
2839 0
2840 0
2841 0
2842 0
2843 0
2844 0
2845 0
2846 0
2847 0
2848 0
2849 0
2850 0
2851 0
2852 0
2853 0
2854 0
2855 0
2856 0
2857 0
2858 0
2859 0
2860 0
2861 0
2862 0
2863 0
2864 0
2865 0
2866 0
2867 0
2868 0
2869 0
2870 0
2871 0
2872 0
2873 0
2874 0
2875 0
2876 0
2877 0
2878 0
2879 0
2880 0
2881 0
2882 0
2883 0
2884 0
2885 0
2886 0
2887 0
2888 0
2889 0
2890 0
2891 0
2892 0
2893 0
2894 0
2895 0
2896 0
2897 0
2898 0
2899 0
2900 0
2901 0
2902 0
2903 0
2904 0
2905 0
2906 0
2907 0
2908 0
2909 0
2910 0
2911 0
2912 0
2913 0
2914 0
2915 0
2916 0
2917 0
2918 0
2919 0
2920 0
2921 0
2922 0
2923 0
2924 0
2925 0
2926 0
2927 0
2928 0
2929 0
2930 0
2931 0
2932 0
2933 0
2934 0
2935 0
2936 0
2937 0
2938 0
2939 0
2940 0
2941 0
2942 0
2943 0
2944 0
2945 0
2946 0
2947 0
2948 0
2949 0
2950 0
2951 0
2952 0
2953 0
2954 0
2955 0
2956 0
2957 0
2958 0
2959 0
2960 0
2961 0
2962 0
2963 0
2964 0
2965 0
2966 0
2967 0
2968 0
2969 0
2970 0
2971 0
2972 0
2973 0
2974 0
2975 0
2976 0
2977 0
2978 0
2979 0
2980 0
2981 0
2982 0
2983 0
2984 0
2985 0
2986 0
2987 0
2988 0
2989 0
2990 0
2991 0
2992 0
2993 0
2994 0
2995 0
2996 0
2997 0
2998 0
2999 0
