0 1000.44 0.599 
1 0 0 
2 0 0 
3 0 0 
4 0 0 
5 1000.28 0.53 
6 0 0 
7 0 0 
8 0 0 
9 0 0 
10 1000.4 0.628 
11 0 0 
12 0 0 
13 0 0 
14 0 0 
15 1000.29 0.647 
16 0 0 
17 0 0 
18 0 0 
19 0 0 
20 1000.2 0.45 
21 1000.23 0.57 
22 0 0 
23 0 0 
24 0 0 
25 1000.18 0.401 
26 0 0 
27 0 0 
28 0 0 
29 0 0 
30 1000.19 0.455 
31 1000.27 0.534 
32 0 0 
33 0 0 
34 0 0 
35 1000.24 0.541 
36 0 0 
37 0 0 
38 0 0 
39 0 0 
40 1000.2 0.482 
41 0 0 
42 0 0 
43 1000.17 0.385 
44 0 0 
45 1000.28 0.529 
46 0 0 
47 0 0 
48 0 0 
49 0 0 
50 1000.26 0.633 
51 0 0 
52 0 0 
53 0 0 
54 0 0 
55 1000.28 0.559 
56 0 0 
57 0 0 
58 0 0 
59 0 0 
60 1000.19 0.454 
61 0 0 
62 0 0 
63 1000.18 0.4 
64 0 0 
65 1000.19 0.391 
66 0 0 
67 0 0 
68 0 0 
69 0 0 
70 1000.17 0.428 
71 0 0 
72 0 0 
73 0 0 
74 0 0 
75 1000.19 0.445 
76 0 0 
77 1000.18 0.385 
78 0 0 
79 0 0 
80 1000.17 0.531 
81 0 0 
82 0 0 
83 0 0 
84 0 0 
85 1000.34 0.515 
86 1000.26 0.502 
87 0 0 
88 0 0 
89 0 0 
90 1000.18 0.549 
91 0 0 
92 0 0 
93 1000.19 0.51 
94 0 0 
95 1000.19 0.439 
96 1000.18 0.372 
97 0 0 
98 0 0 
99 0 0 
100 1000.19 0.385 
101 0 0 
102 0 0 
103 0 0 
104 0 0 
105 1000.18 0.468 
106 0 0 
107 0 0 
108 1000.24 0.619 
109 0 0 
110 1000.24 0.399 
111 0 0 
112 0 0 
113 0 0 
114 0 0 
115 1000.19 0.368 
116 0 0 
117 0 0 
118 0 0 
119 0 0 
120 1000.18 0.479 
121 0 0 
122 0 0 
123 0 0 
124 0 0 
125 1000.26 0.599 
126 0 0 
127 0 0 
128 0 0 
129 0 0 
130 1000.2 0.657 
131 0 0 
132 0 0 
133 0 0 
134 0 0 
135 1000.19 0.759 
136 0 0 
137 0 0 
138 0 0 
139 0 0 
140 1000.19 0.68 
141 1000.31 0.643 
142 0 0 
143 0 0 
144 1000.19 0.589 
145 1000.16 0.572 
146 0 0 
147 0 0 
148 0 0 
149 0 0 
150 1000.27 0.596 
151 0 0 
152 0 0 
153 1000.18 0.421 
154 0 0 
155 1000.19 0.388 
156 1000.19 0.408 
157 0 0 
158 0 0 
159 0 0 
160 1000.23 0.468 
161 0 0 
162 0 0 
163 0 0 
164 0 0 
165 1000.17 0.45 
166 0 0 
167 0 0 
168 0 0 
169 0 0 
170 1000.19 0.448 
171 0 0 
172 0 0 
173 0 0 
174 0 0 
175 1000.17 0.428 
176 0 0 
177 0 0 
178 0 0 
179 1000.19 0.529 
180 1000.17 0.409 
181 0 0 
182 0 0 
183 1000.18 0.734 
184 1000.17 0.62 
185 1000.18 0.629 
186 0 0 
187 0 0 
188 0 0 
189 0 0 
190 1000.19 0.683 
191 0 0 
192 0 0 
193 0 0 
194 0 0 
195 1000.19 0.46 
196 0 0 
197 0 0 
198 0 0 
199 0 0 
200 1000.19 0.47 
201 0 0 
202 0 0 
203 0 0 
204 1000.2 0.403 
205 1000.25 0.512 
206 0 0 
207 0 0 
208 1000.18 0.423 
209 0 0 
210 1000.2 0.478 
211 0 0 
212 1000.29 0.464 
213 0 0 
214 0 0 
215 1000.19 0.475 
216 0 0 
217 0 0 
218 0 0 
219 0 0 
220 1000.3 0.522 
221 0 0 
222 0 0 
223 1000.21 0.463 
224 0.203 0.401 
225 1000.18 0.446 
226 0 0 
227 0 0 
228 0 0 
229 0 0 
230 1000.23 0.424 
231 0 0 
232 0 0 
233 0 0 
234 0 0 
235 1000.18 0.391 
236 0 0 
237 1000.17 0.382 
238 1000.2 0.326 
239 0 0 
240 1000.18 0.325 
241 1000.18 0.382 
242 0 0 
243 0 0 
244 0 0 
245 1000.16 0.359 
246 0 0 
247 0 0 
248 0 0 
249 0 0 
250 1000.18 0.397 
251 0 0 
252 0 0 
253 0 0 
254 0 0 
255 1000.19 0.35 
256 0 0 
257 0 0 
258 0 0 
259 0 0 
260 1000.25 0.532 
261 0 0 
262 0 0 
263 0 0 
264 0 0 
265 1000.2 0.465 
266 0 0 
267 0 0 
268 0 0 
269 0 0 
270 1000.18 0.502 
271 0 0 
272 0 0 
273 0 0 
274 0 0 
275 1000.57 0.524 
276 0 0 
277 0 0 
278 0 0 
279 0 0 
280 1000.28 0.512 
281 0 0 
282 0 0 
283 0 0 
284 0 0 
285 1000.2 0.58 
286 1000.2 0.55 
287 0 0 
288 0 0 
289 0 0 
290 1000.18 0.542 
291 0 0 
292 0 0 
293 0 0 
294 0 0 
295 1000.19 0.438 
296 0 0 
297 0 0 
298 0 0 
299 0 0 
300 1000.19 0.439 
301 0 0 
302 0 0 
303 0 0 
304 1000.25 0.359 
305 1000.28 0.546 
306 1000.18 0.505 
307 0 0 
308 0 0 
309 0 0 
310 1000.18 0.45 
311 0 0 
312 0 0 
313 0 0 
314 0 0 
315 1000.22 0.601 
316 1000.3 0.528 
317 0 0 
318 0 0 
319 0 0 
320 1000.29 0.696 
321 0 0 
322 0 0 
323 0 0 
324 1000.2 0.463 
325 1000.32 0.367 
326 0 0 
327 0 0 
328 0 0 
329 0 0 
330 1000.2 0.342 
331 0 0 
332 0 0 
333 1000.21 0.339 
334 0 0 
335 1000.23 0.409 
336 1000.24 0.529 
337 0 0 
338 0 0 
339 0 0 
340 1000.27 0.466 
341 0 0 
342 1000.18 0.397 
343 0 0 
344 0 0 
345 1000.21 0.422 
346 0 0 
347 0 0 
348 0 0 
349 0 0 
350 1000.18 0.501 
351 0 0 
352 1000.22 0.562 
353 0.205 0.343 
354 0 0 
355 1000.2 0.574 
356 0 0 
357 0.156 0.337 
358 0 0 
359 0 0 
360 1000.19 0.382 
361 0 0 
362 0 0 
363 1000.52 0.487 
364 0 0 
365 1000.18 0.564 
366 0 0 
367 1000.2 0.545 
368 0 0 
369 0 0 
370 1000.21 0.441 
371 0 0 
372 0 0 
373 0.232 0.522 
374 0 0 
375 1000.2 0.487 
376 0 0 
377 0 0 
378 0 0 
379 0 0 
380 1000.21 0.384 
381 0 0 
382 1000.2 0.446 
383 0 0 
384 0 0 
385 1000.2 0.375 
386 0 0 
387 0 0 
388 0 0 
389 0 0 
390 1000.42 0.741 
391 0 0 
392 0 0 
393 0 0 
394 0 0 
395 1000.27 0.741 
396 0 0 
397 0 0 
398 0 0 
399 0 0 
400 1000.34 0.548 
401 0 0 
402 1000.2 0.5 
403 1000.29 0.586 
404 0 0 
405 1000.2 0.456 
406 0 0 
407 0 0 
408 0 0 
409 0 0 
410 1000.2 0.462 
411 0 0 
412 1000.26 0.532 
413 0 0 
414 1000.2 0.773 
415 1000.28 1.197 
416 0 0 
417 0 0 
418 0 0 
419 0 0 
420 1000.23 0.474 
421 0 0 
422 0 0 
423 0 0 
424 0 0 
425 1000.23 0.466 
426 0 0 
427 0 0 
428 0 0 
429 0 0 
430 1000.35 0.714 
431 0 0 
432 0 0 
433 0 0 
434 1000.2 0.504 
435 1000.26 0.491 
436 0 0 
437 0 0 
438 0 0 
439 0 0 
440 1000.26 0.535 
441 0 0 
442 0 0 
443 0 0 
444 0 0 
445 1000.19 0.447 
446 1000.23 0.442 
447 0 0 
448 0 0 
449 1000.2 0.415 
450 1000.18 0.461 
451 0 0 
452 0 0 
453 0 0 
454 1000.26 0.521 
455 1000.2 0.413 
456 0 0 
457 0 0 
458 0 0 
459 0 0 
460 1000.39 0.524 
461 1000.2 0.473 
462 0 0 
463 0 0 
464 0 0 
465 1000.19 0.469 
466 0 0 
467 0 0 
468 1000.22 0.512 
469 0 0 
470 1000.22 0.525 
471 0 0 
472 0 0 
473 1000.18 0.481 
474 0 0 
475 1000.23 0.478 
476 0 0 
477 0 0 
478 0 0 
479 0 0 
480 1000.21 0.726 
481 0 0 
482 0 0 
483 1000.18 0.489 
484 0 0 
485 1000.26 0.546 
486 0 0 
487 0 0 
488 0 0 
489 0.24 0.483 
490 1000.19 0.43 
491 0 0 
492 0 0 
493 0 0 
494 0 0 
495 1000.34 0.558 
496 0 0 
497 0 0 
498 0 0 
499 0.184 0.431 
500 1000.26 0.542 
501 1000.2 0.508 
502 0 0 
503 0 0 
504 0 0 
505 1000.18 0.496 
506 0 0 
507 0 0 
508 0 0 
509 0 0 
510 1000.21 0.416 
511 0 0 
512 0 0 
513 0 0 
514 0 0 
515 1000.24 0.737 
516 0 0 
517 0 0 
518 0 0 
519 1000.25 0.502 
520 1000.21 0.45 
521 0 0 
522 0 0 
523 0 0 
524 1000.35 0.488 
525 1000.2 0.399 
526 0 0 
527 0 0 
528 0 0 
529 0 0 
530 1000.2 0.568 
531 0 0 
532 0 0 
533 0 0 
534 0 0 
535 1000.19 0.533 
536 0 0 
537 0 0 
538 0 0 
539 0 0 
540 1000.19 0.41 
541 0 0 
542 1000.2 0.531 
543 0 0 
544 0 0 
545 1000.21 0.484 
546 0 0 
547 0 0 
548 0 0 
549 0 0 
550 1000.21 0.457 
551 0 0 
552 0 0 
553 0 0 
554 0 0 
555 1000.21 0.445 
556 0 0 
557 0 0 
558 0 0 
559 0.153 0.391 
560 1000.2 0.534 
561 0 0 
562 0 0 
563 1000.27 0.677 
564 0 0 
565 1000.22 0.53 
566 0 0 
567 0 0 
568 0 0 
569 1000.21 0.429 
570 1000.19 0.617 
571 0 0 
572 0 0 
573 0 0 
574 1000.2 0.407 
575 1000.18 0.398 
576 0 0 
577 0 0 
578 0 0 
579 0 0 
580 1000.31 0.556 
581 0 0 
582 0 0 
583 0 0 
584 0 0 
585 1000.28 0.68 
586 0 0 
587 0 0 
588 0 0 
589 0 0 
590 1000.22 0.507 
591 0 0 
592 0 0 
593 0 0 
594 0 0 
595 1000.43 0.484 
596 0 0 
597 0 0 
598 0 0 
599 0 0 
600 1000.22 0.443 
601 1000.2 0.503 
602 1000.2 0.457 
603 0 0 
604 1000.24 0.496 
605 1000.22 0.447 
606 0 0 
607 0 0 
608 0 0 
609 0 0 
610 1000.26 0.551 
611 0 0 
612 0 0 
613 0 0 
614 0 0 
615 1000.21 0.438 
616 0 0 
617 0 0 
618 0 0 
619 0 0 
620 1000.2 0.635 
621 0 0 
622 0 0 
623 1000.27 0.6 
624 0 0 
625 1000.21 0.549 
626 0 0 
627 0 0 
628 0 0 
629 0 0 
630 1000.2 0.639 
631 0 0 
632 0 0 
633 0 0 
634 1000.37 0.725 
635 1000.25 0.592 
636 0 0 
637 1000.18 0.488 
638 0 0 
639 0 0 
640 1000.26 0.401 
641 0 0 
642 0 0 
643 0 0 
644 0 0 
645 1000.18 0.494 
646 0 0 
647 1000.2 0.522 
648 0 0 
649 0 0 
650 1000.26 0.683 
651 0 0 
652 0 0 
653 0 0 
654 0 0 
655 1000.21 0.621 
656 0 0 
657 0 0 
658 0 0 
659 1000.2 0.727 
660 1000.2 0.679 
661 0 0 
662 1000.21 0.551 
663 0 0 
664 0 0 
665 1000.19 0.549 
666 0 0 
667 0 0 
668 0 0 
669 0 0 
670 1000.24 0.512 
671 0 0 
672 0 0 
673 0 0 
674 0 0 
675 1000.27 0.52 
676 0 0 
677 1000.21 0.677 
678 0 0 
679 0 0 
680 1000.35 0.496 
681 0 0 
682 0 0 
683 1000.21 0.45 
684 0 0 
685 1000.22 0.434 
686 0 0 
687 1000.25 0.523 
688 0 0 
689 1000.2 0.44 
690 1000.23 0.382 
691 0 0 
692 0 0 
693 1000.21 0.39 
694 0 0 
695 1000.23 0.383 
696 0 0 
697 0 0 
698 0 0 
699 0 0 
700 1000.31 0.439 
701 0 0 
702 0 0 
703 0 0 
704 0 0 
705 1000.26 0.434 
706 0 0 
707 0 0 
708 0 0 
709 0 0 
710 1000.24 0.471 
711 1000.21 0.437 
712 0 0 
713 0 0 
714 0 0 
715 1000.26 0.479 
716 1000.19 0.5 
717 0 0 
718 0 0 
719 0 0 
720 1000.2 0.397 
721 0 0 
722 0 0 
723 0 0 
724 1000.21 0.394 
725 1000.34 0.551 
726 0 0 
727 0 0 
728 0 0 
729 0 0 
730 1000.28 0.526 
731 0 0 
732 1000.23 0.537 
733 0 0 
734 0 0 
735 1000.22 0.466 
736 0 0 
737 0 0 
738 0 0 
739 0 0 
740 1000.28 0.595 
741 0 0 
742 0 0 
743 0 0 
744 1000.21 0.671 
745 1000.26 0.598 
746 0 0 
747 0 0 
748 0 0 
749 0 0 
750 1000.25 0.55 
751 0 0 
752 0 0 
753 0 0 
754 1000.2 0.485 
755 1000.27 0.602 
756 0 0 
757 0 0 
758 0 0 
759 1000.23 0.531 
760 1000.19 0.501 
761 0 0 
762 1000.2 0.562 
763 0 0 
764 0 0 
765 1000.25 0.633 
766 0 0 
767 0 0 
768 0 0 
769 0 0 
770 1000.26 0.726 
771 1000.26 0.501 
772 0 0 
773 0 0 
774 0 0 
775 1000.23 0.436 
776 0 0 
777 0 0 
778 0 0 
779 1000.29 0.537 
780 1000.2 0.485 
781 0 0 
782 0 0 
783 0 0 
784 0 0 
785 1000.47 0.589 
786 0 0 
787 0 0 
788 0 0 
789 0 0 
790 1000.18 0.617 
791 0 0 
792 0 0 
793 0 0 
794 0 0 
795 1000.23 0.601 
796 0 0 
797 0 0 
798 1000.21 0.428 
799 0 0 
800 1000.29 0.541 
801 1000.19 0.491 
802 1000.19 0.641 
803 0 0 
804 0 0 
805 1000.2 0.592 
806 0 0 
807 0 0 
808 0 0 
809 1000.2 0.509 
810 1000.25 0.449 
811 0 0 
812 0 0 
813 0 0 
814 0 0 
815 1000.19 0.439 
816 1000.22 0.371 
817 0 0 
818 0 0 
819 0 0 
820 1000.2 0.587 
821 0 0 
822 0 0 
823 1000.21 0.584 
824 0 0 
825 1000.2 0.452 
826 0 0 
827 0 0 
828 0 0 
829 0 0 
830 1000.34 0.523 
831 0 0 
832 0 0 
833 1000.22 0.476 
834 0 0 
835 1000.2 0.465 
836 0 0 
837 0 0 
838 1000.2 0.337 
839 0 0 
840 1000.21 0.453 
841 0 0 
842 0 0 
843 0 0 
844 0 0 
845 1000.2 0.453 
846 0 0 
847 0 0 
848 0 0 
849 0 0 
850 1000.25 0.547 
851 0 0 
852 0 0 
853 0 0 
854 0.239 0.467 
855 1000.35 0.414 
856 0 0 
857 0 0 
858 0 0 
859 0 0 
860 1000.21 0.467 
861 0 0 
862 0 0 
863 0 0 
864 0 0 
865 1000.29 0.796 
866 0 0 
867 0 0 
868 1000.3 0.59 
869 0 0 
870 1000.2 0.395 
871 0 0 
872 0 0 
873 1000.2 0.418 
874 1000.23 0.551 
875 1000.2 0.419 
876 0 0 
877 0 0 
878 0 0 
879 0 0 
880 1000.25 0.442 
881 0 0 
882 0 0 
883 0 0 
884 0 0 
885 1000.3 0.427 
886 1000.31 0.53 
887 0 0 
888 0 0 
889 0 0 
890 1000.23 0.522 
891 0 0 
892 0 0 
893 0 0 
894 0 0 
895 1000.2 0.538 
896 0 0 
897 0 0 
898 0 0 
899 0 0 
900 1000.2 0.497 
901 0 0 
902 0 0 
903 0 0 
904 0 0 
905 1000.2 0.584 
906 0 0 
907 0 0 
908 0 0 
909 1000.2 0.45 
910 1000.17 0.509 
911 0 0 
912 0 0 
913 1000.19 0.671 
914 0 0 
915 1000.25 0.648 
916 0 0 
917 1000.33 0.848 
918 1000.2 0.734 
919 0 0 
920 1000.19 0.561 
921 0 0 
922 0 0 
923 1000.25 0.633 
924 0 0 
925 1000.2 0.453 
926 0 0 
927 0 0 
928 0 0 
929 1000.25 0.491 
930 1000.25 0.547 
931 0 0 
932 1000.19 0.381 
933 1000.46 0.598 
934 0 0 
935 1000.21 0.715 
936 0 0 
937 0 0 
938 0 0 
939 0 0 
940 1000.21 0.656 
941 0 0 
942 0 0 
943 0 0 
944 0 0 
945 1000.23 0.52 
946 0 0 
947 0 0 
948 0 0 
949 0 0 
950 1000.22 0.546 
951 0 0 
952 0 0 
953 0 0 
954 0 0 
955 1000.21 0.621 
956 0 0 
957 1000.21 0.534 
958 0 0 
959 0 0 
960 1000.2 0.421 
961 0 0 
962 0 0 
963 0 0 
964 0 0 
965 1000.27 0.565 
966 0 0 
967 0 0 
968 0 0 
969 1000.2 0.508 
970 1000.21 0.48 
971 0 0 
972 1000.2 0.425 
973 0 0 
974 0 0 
975 1000.2 0.411 
976 0 0 
977 0 0 
978 0 0 
979 0 0 
980 1000.2 0.69 
981 0 0 
982 0 0 
983 0 0 
984 0 0 
985 1000.37 0.61 
986 0 0 
987 0 0 
988 1000.19 0.63 
989 0 0 
990 1000.24 0.62 
991 1000.21 0.523 
992 0 0 
993 0 0 
994 0 0 
995 1000.2 0.579 
996 1000.2 0.559 
997 0 0 
998 0 0 
999 0 0 
1000 1000.21 0.411 
1001 1000.2 0.439 
1002 0 0 
1003 0 0 
1004 0 0 
1005 1000.23 0.773 
1006 0 0 
1007 0 0 
1008 0 0 
1009 0 0 
1010 1000.27 0.603 
1011 1000.35 0.583 
1012 0 0 
1013 0 0 
1014 0 0 
1015 1000.22 0.452 
1016 1000.2 0.486 
1017 0 0 
1018 1000.2 0.411 
1019 0 0 
1020 1000.2 0.596 
1021 0 0 
1022 0 0 
1023 0 0 
1024 1000.2 0.53 
1025 1000.2 0.527 
1026 0 0 
1027 0 0 
1028 0 0 
1029 0 0 
1030 1000.28 0.457 
1031 0 0 
1032 0 0 
1033 0 0 
1034 0 0 
1035 1000.21 0.443 
1036 0 0 
1037 0 0 
1038 0 0 
1039 1000.26 0.498 
1040 1000.36 0.422 
1041 0 0 
1042 0 0 
1043 0 0 
1044 0 0 
1045 1000.2 0.433 
1046 0 0 
1047 0 0 
1048 0 0 
1049 0 0 
1050 1000.27 0.549 
1051 0 0 
1052 0 0 
1053 0 0 
1054 0 0 
1055 1000.27 0.48 
1056 0 0 
1057 1000.24 0.532 
1058 0 0 
1059 0 0 
1060 1000.42 0.798 
1061 0 0 
1062 0 0 
1063 0 0 
1064 1000.36 0.483 
1065 1000.31 0.546 
1066 0 0 
1067 0 0 
1068 0 0 
1069 1000.22 0.631 
1070 1000.25 0.536 
1071 0 0 
1072 1000.2 0.541 
1073 0 0 
1074 0 0 
1075 1000.2 0.524 
1076 0 0 
1077 0 0 
1078 0 0 
1079 0 0 
1080 1000.27 0.711 
1081 0 0 
1082 0 0 
1083 0 0 
1084 0 0 
1085 1000.26 0.543 
1086 0 0 
1087 0 0 
1088 0 0 
1089 0 0 
1090 1000.5 0.773 
1091 0 0 
1092 1000.27 0.592 
1093 0 0 
1094 0 0 
1095 1000.24 0.598 
1096 0 0 
1097 0 0 
1098 1000.21 0.7 
1099 0 0 
1100 1000.22 0.459 
1101 0 0 
1102 0 0 
1103 0 0 
1104 0 0 
1105 1000.31 0.678 
1106 1000.22 0.511 
1107 0 0 
1108 0 0 
1109 0 0 
1110 1000.22 0.626 
1111 0 0 
1112 0 0 
1113 0 0 
1114 0 0 
1115 1000.29 0.763 
1116 0 0 
1117 0 0 
1118 0 0 
1119 0 0 
1120 1000.29 0.654 
1121 0 0 
1122 0 0 
1123 0 0 
1124 0 0 
1125 1000.2 0.55 
1126 0 0 
1127 0 0 
1128 0 0 
1129 0 0 
1130 1000.36 0.581 
1131 1000.22 0.631 
1132 0 0 
1133 0 0 
1134 0 0 
1135 1000.2 0.496 
1136 0 0 
1137 0 0 
1138 1000.21 0.71 
1139 0 0 
1140 1000.2 0.57 
1141 0 0 
1142 0 0 
1143 0 0 
1144 0 0 
1145 1000.2 0.525 
1146 0 0 
1147 0 0 
1148 1000.2 0.412 
1149 0 0 
1150 1000.22 0.48 
1151 0 0 
1152 0 0 
1153 0 0 
1154 0 0 
1155 1000.27 0.62 
1156 0 0 
1157 0 0 
1158 0 0 
1159 0 0 
1160 1000.21 0.538 
1161 1000.2 0.548 
1162 0 0 
1163 0 0 
1164 0 0 
1165 1000.23 0.482 
1166 0 0 
1167 0 0 
1168 1000.19 0.442 
1169 0 0 
1170 1000.21 0.511 
1171 0 0 
1172 0 0 
1173 0 0 
1174 0 0 
1175 1000.19 0.511 
1176 1000.21 0.428 
1177 0 0 
1178 0 0 
1179 1000.2 0.496 
1180 1000.21 0.473 
1181 0 0 
1182 0 0 
1183 0 0 
1184 0 0 
1185 1000.21 0.472 
1186 0 0 
1187 0 0 
1188 0.18 0.386 
1189 0 0 
1190 1000.18 0.471 
1191 0 0 
1192 0.133 0.399 
1193 0 0 
1194 0 0 
1195 1000.26 0.538 
1196 0 0 
1197 0 0 
1198 0 0 
1199 1000.2 0.464 
1200 1000.3 0.547 
1201 1000.18 0.452 
1202 0 0 
1203 0 0 
1204 0 0 
1205 1000.26 0.77 
1206 1000.22 0.741 
1207 0 0 
1208 0 0 
1209 0 0 
1210 1000.23 0.875 
1211 0 0 
1212 0 0 
1213 0 0 
1214 0 0 
1215 1000.21 0.78 
1216 0 0 
1217 1000.19 0.45 
1218 0 0 
1219 0 0 
1220 1000.25 0.502 
1221 0 0 
1222 1000.24 0.558 
1223 0 0 
1224 0 0 
1225 1000.19 0.447 
1226 0 0 
1227 0 0 
1228 0 0 
1229 0 0 
1230 1000.2 0.54 
1231 0 0 
1232 0 0 
1233 0 0 
1234 0 0 
1235 1000.2 0.6 
1236 1000.24 0.536 
1237 0 0 
1238 0 0 
1239 0 0 
1240 1000.25 0.794 
1241 0 0 
1242 0 0 
1243 0 0 
1244 0 0 
1245 1000.2 0.585 
1246 0 0 
1247 1000.2 0.702 
1248 0 0 
1249 0 0 
1250 1000.23 0.474 
1251 0 0 
1252 0 0 
1253 0 0 
1254 1000.21 0.516 
1255 1000.35 0.545 
1256 0 0 
1257 0 0 
1258 0 0 
1259 0 0 
1260 1000.21 0.517 
1261 0 0 
1262 1000.27 0.468 
1263 1000.22 0.415 
1264 1000.21 0.686 
1265 1000.21 0.501 
1266 0 0 
1267 0 0 
1268 1000.19 0.789 
1269 0 0 
1270 1000.21 0.59 
1271 0 0 
1272 0 0 
1273 0 0 
1274 0 0 
1275 1000.21 0.578 
1276 0 0 
1277 0 0 
1278 0 0 
1279 0.168 0.436 
1280 1000.22 0.431 
1281 0 0 
1282 0 0 
1283 0 0 
1284 0 0 
1285 1000.22 0.692 
1286 0 0 
1287 0 0 
1288 1000.27 0.579 
1289 0 0 
1290 1000.3 0.617 
1291 0 0 
1292 0 0 
1293 0 0 
1294 0 0 
1295 1000.24 0.563 
1296 0 0 
1297 0 0 
1298 0 0 
1299 0 0 
1300 1000.24 0.521 
1301 0 0 
1302 1000.23 0.51 
1303 0 0 
1304 0 0 
1305 1000.22 0.445 
1306 0 0 
1307 0 0 
1308 1000.22 0.504 
1309 0 0 
1310 1000.22 0.526 
1311 1000.23 0.488 
1312 1000.24 0.481 
1313 0 0 
1314 0 0 
1315 1000.21 0.707 
1316 0 0 
1317 0 0 
1318 0 0 
1319 0 0 
1320 1000.22 0.487 
1321 0 0 
1322 0 0 
1323 0 0 
1324 0 0 
1325 1000.2 0.464 
1326 0 0 
1327 0 0 
1328 0 0 
1329 0 0 
1330 1000.22 0.55 
1331 0 0 
1332 0 0 
1333 1000.21 0.509 
1334 1000.2 0.589 
1335 1000.29 0.797 
1336 0 0 
1337 1000.22 0.474 
1338 0 0 
1339 0 0 
1340 1000.3 0.691 
1341 0 0 
1342 1000.21 0.469 
1343 0 0 
1344 1000.2 0.449 
1345 1000.21 0.451 
1346 0 0 
1347 0 0 
1348 0 0 
1349 1000.21 0.64 
1350 1000.22 0.595 
1351 0 0 
1352 0 0 
1353 0 0 
1354 0 0 
1355 1000.23 0.583 
1356 0 0 
1357 0 0 
1358 0 0 
1359 0 0 
1360 1000.24 0.439 
1361 0 0 
1362 0 0 
1363 0 0 
1364 0 0 
1365 1000.24 0.458 
1366 1000.24 0.414 
1367 0 0 
1368 0 0 
1369 1000.51 0.582 
1370 1000.22 0.468 
1371 0 0 
1372 1000.22 0.362 
1373 0 0 
1374 0 0 
1375 1000.21 0.407 
1376 0 0 
1377 0 0 
1378 0 0 
1379 0 0 
1380 1000.27 0.563 
1381 0 0 
1382 0 0 
1383 0 0 
1384 0 0 
1385 1000.24 0.448 
1386 1000.23 0.402 
1387 0 0 
1388 0 0 
1389 0 0 
1390 1000.22 0.427 
1391 0 0 
1392 1000.22 0.445 
1393 1000.23 0.314 
1394 1000.3 0.585 
1395 1000.28 0.67 
1396 0 0 
1397 0 0 
1398 0 0 
1399 0 0 
1400 1000.27 0.543 
1401 0 0 
1402 1000.2 0.515 
1403 0 0 
1404 0 0 
1405 1000.22 0.464 
1406 0 0 
1407 0 0 
1408 0 0 
1409 0 0 
1410 1000.2 0.588 
1411 0 0 
1412 0 0 
1413 0 0 
1414 0 0 
1415 1000.21 0.423 
1416 0 0 
1417 1000.21 0.433 
1418 0 0 
1419 0 0 
1420 1000.33 0.676 
1421 0 0 
1422 0 0 
1423 0 0 
1424 0 0 
1425 1000.22 0.847 
1426 0 0 
1427 0 0 
1428 1000.24 0.671 
1429 1000.22 0.667 
1430 1000.21 0.722 
1431 1000.23 0.738 
1432 0 0 
1433 0 0 
1434 0 0 
1435 1000.29 0.536 
1436 0 0 
1437 1000.22 0.586 
1438 0 0 
1439 0 0 
1440 1000.26 0.547 
1441 0 0 
1442 0 0 
1443 1000.19 0.568 
1444 0 0 
1445 1000.21 0.758 
1446 0 0 
1447 0 0 
1448 0 0 
1449 0 0 
1450 1000.3 0.547 
1451 0 0 
1452 0 0 
1453 0 0 
1454 0 0 
1455 1000.49 0.696 
1456 0 0 
1457 0 0 
1458 0 0 
1459 0 0 
1460 1000.22 0.545 
1461 0 0 
1462 0 0 
1463 0 0 
1464 0 0 
1465 1000.25 0.759 
1466 1000.29 0.768 
1467 1000.2 0.653 
1468 1000.26 0.676 
1469 0 0 
1470 1000.21 0.498 
1471 0 0 
1472 0 0 
1473 0 0 
1474 0 0 
1475 1000.24 0.48 
1476 0 0 
1477 0.188 0.489 
1478 0 0 
1479 0 0 
1480 1000.22 0.59 
1481 0 0 
1482 0 0 
1483 0 0 
1484 0 0 
1485 1000.21 0.739 
1486 0 0 
1487 0 0 
1488 0 0 
1489 0 0 
1490 1000.29 0.784 
1491 0 0 
1492 1000.31 0.773 
1493 0 0 
1494 0 0 
1495 1000.23 0.436 
1496 0 0 
1497 0 0 
1498 0 0 
1499 0 0 
1500 1000.31 0.537 
1501 0 0 
1502 0 0 
1503 0 0 
1504 0 0 
1505 1000.2 0.42 
1506 0 0 
1507 0 0 
1508 1000.21 0.411 
1509 0 0 
1510 1000.2 0.396 
1511 0 0 
1512 0 0 
1513 0 0 
1514 0 0 
1515 1000.2 0.46 
1516 0 0 
1517 0 0 
1518 1000.2 0.429 
1519 0 0 
1520 1000.2 0.471 
1521 0 0 
1522 0 0 
1523 0 0 
1524 0 0 
1525 1000.17 0.407 
1526 0 0 
1527 0 0 
1528 0 0 
1529 0 0 
1530 1000.24 0.599 
1531 0 0 
1532 0 0 
1533 0 0 
1534 0 0 
1535 1000.2 0.655 
1536 0 0 
1537 1000.2 0.593 
1538 0 0 
1539 0 0 
1540 1000.21 0.565 
1541 0 0 
1542 0 0 
1543 0 0 
1544 0 0 
1545 1000.22 0.506 
1546 0 0 
1547 1000.33 0.543 
1548 0 0 
1549 0 0 
1550 1000.21 0.443 
1551 0 0 
1552 0 0 
1553 1000.26 1.005 
1554 0 0 
1555 1000.22 0.837 
1556 0 0 
1557 1000.21 0.746 
1558 1000.21 0.735 
1559 0 0 
1560 1000.2 0.397 
1561 0 0 
1562 0 0 
1563 0.158 0.294 
1564 0 0 
1565 1000.2 0.515 
1566 0 0 
1567 0 0 
1568 1000.2 0.434 
1569 0 0 
1570 1000.19 0.526 
1571 0 0 
1572 0 0 
1573 0 0 
1574 0 0 
1575 1000.2 0.654 
1576 0 0 
1577 0 0 
1578 0 0 
1579 0 0 
1580 1000.19 0.401 
1581 0 0 
1582 0 0 
1583 0 0 
1584 1000.19 0.492 
1585 1000.16 0.603 
1586 0 0 
1587 0 0 
1588 0 0 
1589 0 0 
1590 1000.17 0.391 
1591 0 0 
1592 0 0 
1593 0 0 
1594 0 0 
1595 1000.18 0.483 
1596 0 0 
1597 0 0 
1598 0 0 
1599 0 0 
1600 1000.17 0.44 
1601 0 0 
1602 0 0 
1603 0 0 
1604 1000.17 0.414 
1605 1000.18 0.305 
1606 0 0 
1607 1000.19 0.393 
1608 0 0 
1609 1000.16 0.364 
1610 1000.14 0.403 
1611 0 0 
1612 0 0 
1613 0 0 
1614 0 0 
1615 1000.15 0.389 
1616 0 0 
1617 0 0 
1618 1000.14 0.48 
1619 0 0 
1620 1000.16 0.275 
1621 0 0 
1622 0 0 
1623 1000.17 0.387 
1624 0 0 
1625 1000.15 0.306 
1626 0 0 
1627 0 0 
1628 0 0 
1629 0 0 
1630 1000.2 0.433 
1631 0 0 
1632 0 0 
1633 0 0 
1634 0 0 
1635 1000.18 0.361 
1636 0 0 
1637 0 0 
1638 0 0 
1639 0 0 
1640 1000.17 0.485 
1641 0 0 
1642 0 0 
1643 0 0 
1644 1000.17 0.431 
1645 1000.17 0.494 
1646 0 0 
1647 0 0 
1648 0 0 
1649 0 0 
1650 1000.18 0.422 
1651 0 0 
1652 0 0 
1653 0 0 
1654 1000.17 0.433 
1655 1000.19 0.426 
1656 0 0 
1657 0 0 
1658 0 0 
1659 0 0 
1660 1000.22 0.405 
1661 0 0 
1662 1000.2 0.369 
1663 0 0 
1664 0 0 
1665 1000.32 0.518 
1666 0 0 
1667 0 0 
1668 0 0 
1669 0 0 
1670 1000.16 0.465 
1671 1000.16 0.395 
1672 0 0 
1673 0 0 
1674 0 0 
1675 1000.18 0.412 
1676 0 0 
1677 0 0 
1678 0 0 
1679 0 0 
1680 1000.19 0.396 
1681 0 0 
1682 0 0 
1683 0 0 
1684 0 0 
1685 1000.16 0.419 
1686 0 0 
1687 0 0 
1688 1000.24 0.591 
1689 0 0 
1690 1000.19 0.466 
1691 0 0 
1692 0 0 
1693 0 0 
1694 0 0 
1695 1000.15 0.366 
1696 0 0 
1697 0 0 
1698 0 0 
1699 0 0 
1700 1000.16 0.383 
1701 0 0 
1702 0 0 
1703 1000.19 0.416 
1704 0 0 
1705 1000.21 0.406 
1706 0 0 
1707 0 0 
1708 0 0 
1709 0 0 
1710 1000.18 0.418 
1711 0 0 
1712 0 0 
1713 0 0 
1714 0 0 
1715 1000.16 0.303 
1716 0 0 
1717 0 0 
1718 0 0 
1719 0 0 
1720 1000.18 0.399 
1721 1000.17 0.345 
1722 0 0 
1723 0 0 
1724 0 0 
1725 1000.19 0.526 
1726 1000.19 0.469 
1727 1000.15 0.397 
1728 0 0 
1729 0 0 
1730 1000.2 0.423 
1731 0 0 
1732 0 0 
1733 0 0 
1734 1000.29 0.432 
1735 1000.17 0.382 
1736 1000.16 0.351 
1737 1000.19 0.409 
1738 0 0 
1739 0 0 
1740 1000.24 0.52 
1741 0 0 
1742 1000.17 0.441 
1743 0 0 
1744 0 0 
1745 1000.2 0.571 
1746 0 0 
1747 0 0 
1748 0 0 
1749 0 0 
1750 1000.17 0.353 
1751 0 0 
1752 0 0 
1753 0 0 
1754 0 0 
1755 1000.16 0.393 
1756 1000.19 0.407 
1757 1000.21 0.464 
1758 0 0 
1759 0 0 
1760 1000.21 0.363 
1761 0 0 
1762 0 0 
1763 0 0 
1764 1000.22 0.408 
1765 1000.21 0.511 
1766 1000.24 0.414 
1767 0 0 
1768 0 0 
1769 0 0 
1770 1000.21 0.418 
1771 0 0 
1772 0 0 
1773 0 0 
1774 0 0 
1775 1000.21 0.425 
1776 0 0 
1777 0 0 
1778 0 0 
1779 0 0 
1780 1000.24 0.53 
1781 0 0 
1782 0 0 
1783 1000.17 0.39 
1784 0 0 
1785 1000.17 0.415 
1786 0 0 
1787 0 0 
1788 0 0 
1789 0 0 
1790 1000.2 0.405 
1791 0 0 
1792 0 0 
1793 0 0 
1794 0 0 
1795 1000.21 0.371 
1796 0 0 
1797 0 0 
1798 0 0 
1799 0 0 
1800 1000.19 0.331 
1801 1000.19 0.407 
1802 0 0 
1803 0 0 
1804 0 0 
1805 1000.19 0.417 
1806 0 0 
1807 0 0 
1808 0 0 
1809 1000.16 0.342 
1810 1000.18 0.332 
1811 0 0 
1812 0 0 
1813 0 0 
1814 0 0 
1815 1000.18 0.476 
1816 0 0 
1817 0 0 
1818 0 0 
1819 0 0 
1820 1000.29 0.512 
1821 1000.19 0.396 
1822 1000.18 0.354 
1823 0 0 
1824 0 0 
1825 1000.18 0.4 
1826 0 0 
1827 0 0 
1828 0 0 
1829 0 0 
1830 1000.16 0.316 
1831 0 0 
1832 0 0 
1833 0 0 
1834 0 0 
1835 1000.15 0.307 
1836 1000.2 0.352 
1837 0 0 
1838 0 0 
1839 0 0 
1840 1000.19 0.385 
1841 1000.17 0.317 
1842 0 0 
1843 0 0 
1844 0 0 
1845 1000.15 0.288 
1846 1000.17 0.378 
1847 0 0 
1848 0 0 
1849 0 0 
1850 1000.2 0.352 
1851 0 0 
1852 0 0 
1853 0 0 
1854 0.134 0.254 
1855 1000.19 0.485 
1856 0 0 
1857 0 0 
1858 0 0 
1859 0 0 
1860 1000.18 0.395 
1861 0 0 
1862 0 0 
1863 0 0 
1864 0 0 
1865 1000.15 0.314 
1866 0 0 
1867 0 0 
1868 0 0 
1869 0 0 
1870 1000.16 0.366 
1871 0 0 
1872 0 0 
1873 1000.25 0.437 
1874 0 0 
1875 1000.19 0.488 
1876 0 0 
1877 0 0 
1878 0 0 
1879 0 0 
1880 1000.17 0.331 
1881 0 0 
1882 1000.16 0.306 
1883 0 0 
1884 1000.17 0.305 
1885 1000.18 0.328 
1886 0 0 
1887 0 0 
1888 1000.16 0.353 
1889 0 0 
1890 1000.15 0.362 
1891 0 0 
1892 0 0 
1893 0 0 
1894 0 0 
1895 1000.14 0.344 
1896 0 0 
1897 0 0 
1898 0 0 
1899 1000.15 0.321 
1900 1000.17 0.343 
1901 0 0 
1902 0 0 
1903 0 0 
1904 0 0 
1905 1000.16 0.339 
1906 0 0 
1907 0 0 
1908 0 0 
1909 0 0 
1910 1000.15 0.372 
1911 0 0 
1912 1000.17 0.367 
1913 0 0 
1914 0 0 
1915 1000.15 0.606 
1916 0 0 
1917 0 0 
1918 0 0 
1919 0 0 
1920 1000.15 0.557 
1921 0 0 
1922 1000.14 0.358 
1923 0 0 
1924 0 0 
1925 1000.17 0.656 
1926 0 0 
1927 1000.17 0.339 
1928 1000.15 0.345 
1929 0 0 
1930 1000.18 0.302 
1931 0 0 
1932 1000.16 0.351 
1933 0 0 
1934 0 0 
1935 1000.18 0.586 
1936 0 0 
1937 1000.15 0.303 
1938 0 0 
1939 0 0 
1940 1000.15 0.371 
1941 0 0 
1942 0 0 
1943 0 0 
1944 0 0 
1945 1000.18 0.538 
1946 0 0 
1947 0 0 
1948 0 0 
1949 0 0 
1950 1000.15 0.46 
1951 0 0 
1952 0 0 
1953 0 0 
1954 0 0 
1955 1000.15 0.645 
1956 0 0 
1957 0 0 
1958 0 0 
1959 0 0 
1960 1000.18 0.541 
1961 0 0 
1962 1000.15 0.344 
1963 0 0 
1964 0 0 
1965 1000.16 0.438 
1966 0 0 
1967 1000.16 0.326 
1968 1000.15 0.294 
1969 0 0 
1970 1000.16 0.25 
1971 0 0 
1972 0 0 
1973 0 0 
1974 0 0 
1975 1000.33 0.443 
1976 1000.18 0.317 
1977 0 0 
1978 1000.16 0.288 
1979 1000.16 0.348 
1980 1000.18 0.426 
1981 0 0 
1982 1000.18 0.295 
1983 0 0 
1984 0 0 
1985 1000.2 0.503 
1986 0 0 
1987 0 0 
1988 0 0 
1989 0.136 0.32 
1990 1000.17 0.378 
1991 0 0 
1992 0 0 
1993 0 0 
1994 0 0 
1995 1000.26 0.341 
1996 0 0 
1997 0 0 
1998 0 0 
1999 0 0 
2000 1000.15 0.536 
2001 1000.16 0.506 
2002 0 0 
2003 0 0 
2004 0 0 
2005 1000.2 0.425 
2006 0 0 
2007 0 0 
2008 0 0 
2009 0 0 
2010 1000.29 0.357 
2011 0 0 
2012 0 0 
2013 1000.15 0.351 
2014 0 0 
2015 1000.19 0.437 
2016 0 0 
2017 0 0 
2018 0 0 
2019 0 0 
2020 1000.22 0.361 
2021 0 0 
2022 0 0 
2023 0 0 
2024 0 0 
2025 1000.17 0.474 
2026 0 0 
2027 1000.26 0.412 
2028 0 0 
2029 1000.16 0.55 
2030 1000.19 0.467 
2031 0 0 
2032 0 0 
2033 0 0 
2034 1000.17 0.415 
2035 1000.15 0.38 
2036 1000.16 0.335 
2037 0 0 
2038 0 0 
2039 0 0 
2040 1000.14 0.54 
2041 0 0 
2042 0 0 
2043 0 0 
2044 0 0 
2045 1000.15 0.325 
2046 0 0 
2047 0 0 
2048 0 0 
2049 1000.15 0.416 
2050 1000.15 0.312 
2051 1000.17 0.284 
2052 0 0 
2053 0 0 
2054 0 0 
2055 1000.14 0.259 
2056 0 0 
2057 0 0 
2058 0 0 
2059 0 0 
2060 1000.13 0.389 
2061 1000.14 0.464 
2062 0 0 
2063 0 0 
2064 0 0 
2065 1000.17 0.361 
2066 0 0 
2067 1000.15 0.312 
2068 0 0 
2069 0 0 
2070 1000.14 0.402 
2071 0 0 
2072 0 0 
2073 0 0 
2074 0 0 
2075 1000.16 0.382 
2076 1000.15 0.38 
2077 0 0 
2078 1000.15 0.324 
2079 0 0 
2080 1000.16 0.298 
2081 0 0 
2082 0 0 
2083 0 0 
2084 0 0 
2085 1000.15 0.396 
2086 0 0 
2087 0 0 
2088 1000.18 0.37 
2089 0 0 
2090 1000.15 0.419 
2091 0 0 
2092 0 0 
2093 0 0 
2094 0 0 
2095 1000.15 0.336 
2096 0 0 
2097 1000.14 0.366 
2098 0 0 
2099 0 0 
2100 1000.16 0.331 
2101 1000.15 0.307 
2102 0 0 
2103 0 0 
2104 0.111 0.378 
2105 1000.15 0.367 
2106 0 0 
2107 0 0 
2108 0 0 
2109 0 0 
2110 1000.14 0.322 
2111 0 0 
2112 1000.18 0.312 
2113 0 0 
2114 0 0 
2115 1000.15 0.308 
2116 1000.15 0.368 
2117 0 0 
2118 0 0 
2119 0 0 
2120 1000.14 0.304 
2121 0 0 
2122 0 0 
2123 0 0 
2124 0 0 
2125 1000.16 0.318 
2126 0 0 
2127 0 0 
2128 0 0 
2129 0 0 
2130 1000.15 0.413 
2131 0 0 
2132 0 0 
2133 0 0 
2134 0 0 
2135 1000.15 0.407 
2136 0 0 
2137 0 0 
2138 0 0 
2139 0 0 
2140 1000.16 0.383 
2141 0 0 
2142 0 0 
2143 0 0 
2144 0 0 
2145 1000.18 0.382 
2146 0 0 
2147 1000.16 0.36 
2148 0 0 
2149 0 0 
2150 1000.16 0.375 
2151 0 0 
2152 0 0 
2153 1000.15 0.309 
2154 0 0 
2155 1000.14 0.312 
2156 0 0 
2157 0 0 
2158 0 0 
2159 0 0 
2160 1000.13 0.404 
2161 0 0 
2162 0 0 
2163 0 0 
2164 0 0 
2165 1000.13 0.293 
2166 1000.15 0.365 
2167 0 0 
2168 0 0 
2169 0 0 
2170 1000.18 0.479 
2171 0 0 
2172 1000.15 0.439 
2173 0 0 
2174 0 0 
2175 1000.13 0.331 
2176 0 0 
2177 0 0 
2178 0 0 
2179 0 0 
2180 1000.13 0.249 
2181 0 0 
2182 0 0 
2183 0 0 
2184 0 0 
2185 1000.15 0.378 
2186 0 0 
2187 0 0 
2188 1000.13 0.424 
2189 0 0 
2190 1000.12 0.408 
2191 1000.12 0.393 
2192 0 0 
2193 0 0 
2194 1000.23 0.341 
2195 1000.12 0.427 
2196 0 0 
2197 0 0 
2198 0 0 
2199 0 0 
2200 1000.13 0.391 
2201 1000.13 0.332 
2202 1000.14 0.254 
2203 0 0 
2204 0 0 
2205 1000.14 0.384 
2206 0 0 
2207 0 0 
2208 0 0 
2209 0 0 
2210 1000.14 0.262 
2211 0 0 
2212 0 0 
2213 0 0 
2214 0 0 
2215 1000.14 0.346 
2216 0 0 
2217 0 0 
2218 0 0 
2219 0 0 
2220 1000.14 0.414 
2221 0 0 
2222 0 0 
2223 0 0 
2224 1000.18 0.286 
2225 1000.15 0.452 
2226 0 0 
2227 0 0 
2228 0 0 
2229 0 0 
2230 1000.14 0.352 
2231 0 0 
2232 0 0 
2233 0 0 
2234 1000.14 0.33 
2235 1000.13 0.42 
2236 0 0 
2237 1000.13 0.394 
2238 0 0 
2239 0 0 
2240 1000.13 0.352 
2241 0 0 
2242 0 0 
2243 0 0 
2244 0 0 
2245 1000.15 0.422 
2246 1000.14 0.371 
2247 0 0 
2248 0 0 
2249 0 0 
2250 1000.15 0.297 
2251 0 0 
2252 0 0 
2253 1000.13 0.306 
2254 0 0 
2255 1000.16 0.444 
2256 0 0 
2257 0 0 
2258 0 0 
2259 0 0 
2260 1000.13 0.364 
2261 0 0 
2262 0 0 
2263 0.088 0.255 
2264 0.089 0.284 
2265 1000.13 0.448 
2266 0 0 
2267 0 0 
2268 0 0 
2269 0 0 
2270 1000.13 0.374 
2271 0 0 
2272 0 0 
2273 0 0 
2274 1000.13 0.298 
2275 1000.12 0.294 
2276 0 0 
2277 0 0 
2278 1000.12 0.282 
2279 0 0 
2280 1000.13 0.328 
2281 0 0 
2282 0 0 
2283 0 0 
2284 0 0 
2285 1000.14 0.326 
2286 0 0 
2287 0 0 
2288 0 0 
2289 0 0 
2290 1000.13 0.258 
2291 0 0 
2292 0 0 
2293 1000.16 0.219 
2294 0 0 
2295 1000.14 0.261 
2296 0 0 
2297 0 0 
2298 0 0 
2299 0 0 
2300 1000.13 0.368 
2301 0 0 
2302 0 0 
2303 1000.15 0.313 
2304 0 0 
2305 1000.17 0.356 
2306 0 0 
2307 0 0 
2308 0 0 
2309 0 0 
2310 1000.16 0.276 
2311 0 0 
2312 0 0 
2313 0 0 
2314 1000.16 0.334 
2315 1000.15 0.276 
2316 0 0 
2317 1000.16 0.292 
2318 1000.15 0.272 
2319 0 0 
2320 1000.14 0.384 
2321 0 0 
2322 0 0 
2323 0 0 
2324 0 0 
2325 1000.14 0.353 
2326 0 0 
2327 0 0 
2328 0 0 
2329 0 0 
2330 1000.14 0.423 
2331 0 0 
2332 0 0 
2333 1000.15 0.441 
2334 0 0 
2335 1000.15 0.435 
2336 0 0 
2337 0 0 
2338 0 0 
2339 0 0 
2340 1000.14 0.433 
2341 0 0 
2342 0 0 
2343 0 0 
2344 0 0 
2345 1000.14 0.408 
2346 0 0 
2347 0 0 
2348 1000.14 0.417 
2349 0 0 
2350 1000.13 0.41 
2351 0 0 
2352 0 0 
2353 1000.13 0.389 
2354 0 0 
2355 1000.12 0.336 
2356 1000.15 0.365 
2357 0 0 
2358 0 0 
2359 0 0 
2360 1000.15 0.367 
2361 0 0 
2362 0 0 
2363 0 0 
2364 0 0 
2365 1000.17 0.542 
2366 1000.18 0.305 
2367 0 0 
2368 0 0 
2369 0 0 
2370 1000.16 0.375 
2371 0 0 
2372 0 0 
2373 0 0 
2374 0 0 
2375 1000.15 0.286 
2376 0 0 
2377 0 0 
2378 0 0 
2379 0.1 0.436 
2380 1000.23 0.351 
2381 0 0 
2382 0 0 
2383 0 0 
2384 1000.16 0.331 
2385 1000.18 0.323 
2386 1000.15 0.342 
2387 0 0 
2388 0 0 
2389 1000.15 0.3 
2390 1000.15 0.337 
2391 0 0 
2392 0 0 
2393 1000.16 0.402 
2394 0 0 
2395 1000.18 0.355 
2396 0 0 
2397 0 0 
2398 0 0 
2399 0 0 
2400 1000.15 0.382 
2401 0 0 
2402 0 0 
2403 0 0 
2404 0 0 
2405 1000.17 0.395 
2406 0 0 
2407 0 0 
2408 0 0 
2409 0 0 
2410 1000.16 0.446 
2411 1000.17 0.346 
2412 0 0 
2413 0 0 
2414 0 0 
2415 1000.3 0.665 
2416 0 0 
2417 0 0 
2418 0 0 
2419 0 0 
2420 1000.19 0.397 
2421 0 0 
2422 1000.19 0.447 
2423 0 0 
2424 0 0 
2425 1000.19 0.424 
2426 0 0 
2427 0 0 
2428 0 0 
2429 0 0 
2430 1000.19 0.402 
2431 0 0 
2432 0 0 
2433 0 0 
2434 1000.18 0.44 
2435 1000.19 0.443 
2436 0 0 
2437 0 0 
2438 0 0 
2439 0 0 
2440 1000.22 0.333 
2441 0 0 
2442 0 0 
2443 0 0 
2444 1000.15 0.519 
2445 1000.15 0.483 
2446 1000.18 0.484 
2447 0 0 
2448 1000.16 0.54 
2449 0 0 
2450 1000.16 0.44 
2451 0 0 
2452 0 0 
2453 1000.15 0.355 
2454 0 0 
2455 1000.14 0.466 
2456 0 0 
2457 0 0 
2458 0 0 
2459 0 0 
2460 1000.14 0.269 
2461 0 0 
2462 1000.17 0.533 
2463 0 0 
2464 0 0 
2465 1000.15 0.302 
2466 0 0 
2467 0 0 
2468 0 0 
2469 0 0 
2470 1000.14 0.372 
2471 0 0 
2472 1000.13 0.377 
2473 0 0 
2474 0 0 
2475 1000.14 0.404 
2476 0 0 
2477 0 0 
2478 0 0 
2479 0 0 
2480 1000.14 0.334 
2481 0 0 
2482 0 0 
2483 0 0 
2484 0 0 
2485 1000.15 0.39 
2486 1000.13 0.299 
2487 0 0 
2488 0 0 
2489 0 0 
2490 1000.14 0.42 
2491 1000.16 0.318 
2492 0 0 
2493 0 0 
2494 0.11 0.333 
2495 1000.16 0.312 
2496 0 0 
2497 0.137 0.232 
2498 0 0 
2499 0 0 
2500 0 0 
2501 0 0 
2502 0 0 
2503 0.115 0.192 
2504 0 0 
2505 0 0 
2506 0 0 
2507 0 0 
2508 0 0 
2509 0.113 0.184 
2510 0.106 0.168 
2511 0 0 
