21 35 10
240,204;270,338;337,341;342,195;195,256;254,183;185,189;120,125;123,57;60,127;199,379;624,616;547,592;592,137;169,403;404,678;677,544;544,417;484,198;128,325;326,125;123,37;37,190;189,351;386,674;676,492;390,45;45,200;130,683;688,396;465,187;117,478;478,667;492,265;266,602;537,198;272,355;250,339;337,107;71,195;197,632;632,121;109,271;341,386;352,57;58,492;673,129;100,459;621,42;103,351;
422,529;495,425;322,319;390,389;424,561;631,459;459,324;324,183;183,36;211,182;320,532;673,532;565,110;214,47;48,190;193,272;342,260;263,393;394,674;673,465;464,547;545,562;561,110;250,672;672,545;614,322;319,263;258,422;460,681;613,49;48,424;424,614;617,322;320,476;471,110;250,269;269,387;320,681;680,74;36,56;56,684;686,198;207,113;40,471;466,271;342,532;425,694;695,466;551,456;36,546;592,599;660,319;
131,137;102,200;199,309;239,551;621,450;519,689;691,627;624,379;412,200;200,403;405,540;541,267;269,590;625,686;686,480;480,547;621,473;403,691;660,611;676,688;686,478;408,609;535,326;258,410;405,99;99,186;117,386;390,263;333,670;673,399;468,667;527,334;337,386;285,269;266,494;460,123;54,534;536,694;695,403;400,64;102,685;686,250;247,408;479,74;40,340;338,526;670,309;313,144;37,622;663,325;
240,379;379,67;60,53;51,55;54,259;333,339;338,272;272,188;187,392;392,142;106,256;256,471;473,532;462,541;537,191;191,479;478,263;335,608;608,592;627,272;270,592;663,172;278,691;689,535;535,329;257,526;562,330;404,59;56,342;342,392;462,193;57,470;468,118;118,686;686,124;54,417;417,541;541,43;44,527;527,481;480,182;182,688;692,54;59,425;352,589;625,327;382,386;71,484;659,215;
285,495;421,456;422,392;462,561;492,603;602,541;543,330;334,341;341,103;99,417;418,134;134,188;187,130;201,550;550,537;536,329;329,246;211,465;463,142;179,194;121,410;410,61;59,114;184,600;600,686;685,478;405,182;112,561;562,618;624,100;61,400;400,142;36,463;467,114;114,344;414,121;46,464;464,414;412,118;117,690;691,172;172,540;468,100;103,255;214,62;61,351;247,691;625,257;62,672;690,71;
278,412;479,477;407,331;331,398;398,392;322,386;387,600;600,386;386,603;603,616;616,398;400,684;687,610;544,410;408,272;342,57;53,113;116,129;125,270;340,549;619,240;204,617;617,202;339,548;622,678;676,620;621,64;99,545;547,355;390,407;403,635;600,480;625,64;64,398;468,622;622,333;468,589;660,540;541,137;138,329;397,36;107,404;478,144;107,473;618,285;211,681;695,533;621,352;695,351;
338,269;268,266;263,328;324,252;74,75;110,352;351,36;71,214;247,459;425,112;113,463;466,477;477,488;522,103;243,551;551,239;310,546;546,190;193,379;412,127;130,522;522,64;60,125;126,479;411,189;120,680;681,120;121,677;677,259;258,605;607,195;125,675;674,340;340,534;536,198;169,539;538,453;488,608;534,129;60,683;688,424;390,417;417,536;533,102;417,118;43,519;519,631;695,387;
622,619;617,547;544,616;608,602;604,534;536,394;398,469;468,681;680,470;473,265;264,239;132,450;520,202;202,333;334,616;621,688;692,544;614,325;323,526;632,466;465,142;319,667;600,255;254,466;468,51;55,336;335,684;686,379;379,119;119,616;616,50;51,548;551,258;256,59;57,74;43,197;128,355;250,610;610,60;58,548;546,183;112,613;659,462;492,267;269,600;635,412;414,114;112,414;418,187;44,589;589,45;102,600;
624,551;552,550;619,613;607,602;635,534;532,183;115,43;45,285;320,526;634,609;609,481;479,522;625,546;550,453;450,333;335,49;51,199;201,475;405,48;48,252;252,268;336,118;115,325;323,198;130,252;182,604;535,183;183,634;565,477;470,271;269,616;618,187;188,688;692,199;132,325;324,202;379,255;256,481;480,386;421,53;51,604;526,479;482,285;215,484;627,263;275,495;40,313;453,599;627,281;
519,552;552,477;406,408;408,475;475,484;589,488;520,410;408,331;334,325;327,460;463,182;253,188;117,48;49,189;193,338;339,195;195,406;406,195;194,613;681,328;328,609;604,548;622,471;400,677;677,393;390,188;185,202;269,183;112,597;597,188;118,609;608,247;250,269;339,113;42,534;534,117;121,622;621,102;103,187;189,488;450,121;46,275;275,43;42,340;340,492;597,123;46,520;592,328;382,182;172,352;138,533;
