21 35 10
240,2,0;204,4,2;270,10,6;338,14,4;338,14,0;272,22,6;239,25,3;551,37,12;544,44,7;616,48,4;616,48,0;398,63,14;398,63,0;469,67,3;468,68,1;681,79,11;680,80,1;470,90,10;473,93,3;265,103,10;264,104,1;239,115,11;272,118,3;188,134,16;187,135,1;392,148,13;462,150,2;541,163,13;473,167,4;532,182,13;535,185,3;326,200,15;326,200,0;125,216,15;51,222,6;199,234,12;201,236,2;475,254,18;404,257,3;678,271,14;677,272,1;544,283,11;545,284,1;562,303,19;562,303,0;330,324,20;335,329,5;608,344,15;604,348,4;548,364,16;622,370,6;471,385,15;470,386,1;271,403,17;269,405,2;616,426,21;616,426,0;50,449,22;51,450,1;548,475,21;551,478,3;258,499,21;256,501,2;59,520,19;57,522,2;74,543,19;36,547,4;463,566,19;467,570,4;114,589,19;114,589,0;344,616,26;414,618,2;121,639,21;54,644,5;534,673,24;536,675,2;198,697,22;197,698,1;632,731,33;632,731,0;121,761,29;58,770,9;548,794,24;618,796,2;285,823,27;214,826,3;62,854,28;102,860,6;685,889,29;686,890,1;250,918,28;40,924,6;313,959,35;418,962,3;187,989,27;44,1002,13;589,1037,35;589,1037,0;45,1072,34;103,1096,24;351,1136,40;351,1136,0;
421,2,0;456,3,1;422,5,2;529,10,5;459,12,2;324,21,9;324,21,0;252,25,4;322,27,2;319,30,3;74,37,7;75,38,1;110,39,1;352,49,10;351,50,1;36,59,9;71,60,1;214,67,7;211,70,3;182,77,7;183,78,1;36,89,11;106,91,2;256,106,14;256,106,0;471,120,13;405,126,6;540,136,9;541,137,1;267,152,14;269,154,2;590,169,15;625,170,1;686,181,11;686,181,0;480,198,16;484,204,4;198,218,14;194,224,4;613,239,15;614,240,1;325,257,17;254,260,3;466,274,14;464,278,2;547,295,15;617,297,2;202,317,19;169,320,3;403,338,18;403,338,0;691,357,18;660,362,5;611,379,15;613,381,2;49,402,20;55,408,6;336,423,15;337,424,1;386,447,23;320,453,6;476,473,20;403,478,5;635,498,20;565,500,2;477,520,20;468,529,9;667,548,17;673,554,6;399,572,18;468,575,3;118,593,18;121,596,3;622,623,25;622,623,0;333,643,19;468,652,9;622,670,18;621,671,1;102,692,21;103,693,1;187,717,24;189,719,2;488,746,27;488,746,0;608,771,24;610,773,2;60,801,26;59,802,1;425,834,30;425,834,0;694,866,31;695,867,1;466,892,25;673,905,13;129,937,32;61,945,8;351,979,34;71,987,8;484,1026,39;453,1031,5;599,1065,34;660,1092,27;319,1127,35;319,1127,0;320,1132,1;355,1133,1;390,1134,1;425,1135,1;460,1136,1;495,1137,1;
131,4,0;137,10,6;102,11,1;200,21,10;199,22,1;309,30,8;379,32,2;67,44,12;99,48,4;417,60,12;418,61,1;134,73,12;132,75,2;450,87,12;624,93,6;551,98,5;551,98,0;239,111,12;202,114,3;333,129,15;334,130,1;616,144,14;544,148,4;410,162,14;479,165,3;522,174,9;520,176,2;202,188,12;201,191,1;550,210,15;621,213,3;473,227,14;477,231,4;488,242,11;450,246,4;333,261,15;400,266,5;684,278,12;685,279,1;478,298,15;412,304,6;127,319,15;126,320,1;479,341,21;411,345,4;189,363,18;121,367,4;410,384,17;405,389,5;48,410,17;48,410,0;424,433,20;424,433,0;614,454,20;617,457,3;322,482,23;285,485,3;269,505,20;340,508,3;534,530,22;537,533,3;198,556,21;128,558,2;355,583,25;320,584,1;681,605,21;680,606,1;74,634,28;40,636,2;471,659,23;468,662,3;589,681,19;660,684,3;540,702,18;538,704,2;453,729,23;450,732,3;121,755,23;46,764,9;275,789,25;275,789,0;43,818,28;40,821,3;340,849,28;338,851,2;526,879,28;211,888,9;681,916,28;692,929,11;54,957,28;62,965,8;672,1003,38;695,1026,23;387,1062,36;659,1096,34;215,1132,36;215,1132,0;250,1134,1;285,1135,1;320,1136,1;355,1137,1;
240,3,0;379,8,5;338,15,7;269,18,3;268,19,1;266,21,2;263,24,3;328,31,7;331,34,3;398,41,7;398,41,0;392,47,6;322,51,4;386,59,8;387,60,1;600,69,9;600,69,0;386,80,10;386,80,0;603,94,13;603,94,0;616,108,13;621,113,5;688,122,9;687,123,1;610,132,9;609,133,1;481,152,16;480,153,1;547,164,11;550,167,3;537,180,13;536,181,1;329,196,15;328,197,1;609,212,15;681,218,6;328,233,15;258,235,2;410,251,16;410,251,0;61,268,15;59,270,2;114,287,17;184,289,2;600,305,16;600,305,0;255,320,15;258,323,3;422,339,16;386,341,2;674,357,16;676,359,2;492,373,14;460,377,4;681,394,17;676,399,5;620,418,16;621,419,1;64,438,19;99,439,1;545,461,22;546,462,1;183,489,23;112,492,3;597,511,19;597,511,0;188,535,23;188,535,0;688,565,24;692,569,4;199,588,19;132,593,5;325,618,23;324,619,1;202,643,22;272,647,4;355,672,25;460,677,3;123,700,23;51,704,4;604,729,25;534,731,2;129,758,27;60,767,9;683,796,27;688,801,5;424,827,26;352,831,4;57,860,29;58,861,1;492,895,34;215,906,11;484,937,31;625,942,5;327,968,26;382,991,21;182,1021,30;172,1047,26;352,1083,36;422,1085,2;492,1088,2;527,1128,1;562,1132,1;597,1133,1;632,1134,1;667,1135,1;632,1136,1;667,1137,1;
285,6,0;495,12,6;495,12,0;425,15,2;390,16,1;389,17,1;424,18,1;561,25,7;631,27,2;459,35,8;422,38,3;392,44,6;462,46,2;561,55,9;492,58,3;603,67,9;602,68,1;541,79,11;543,81,2;330,90,9;327,93,3;460,106,11;320,110,4;532,118,8;532,118,0;183,133,13;253,139,6;188,152,11;117,155,3;48,166,11;48,166,0;190,177,10;193,181,3;272,194,13;342,196,2;260,210,14;263,215,3;393,229,14;394,230,1;674,244,14;673,245,1;465,257,12;466,258,1;477,269,11;408,272,3;609,287,15;608,288,1;592,308,20;663,311,3;172,326,15;278,330,4;691,349,19;689,351,2;535,371,18;535,371,0;329,388,16;400,397,7;677,414,15;677,414,0;259,437,20;258,438,1;605,459,21;535,461,2;183,477,16;250,482,5;269,501,19;269,501,0;387,527,26;462,534,7;193,553,19;121,557,4;677,579,22;674,582,3;340,608,26;342,610,2;392,632,22;464,637,4;414,659,22;625,666,7;64,683,17;64,683,0;398,710,26;466,714,4;271,735,21;341,737,2;386,764,27;421,765,1;53,793,28;42,806,11;340,834,26;340,834,0;492,863,28;352,867,4;589,900,33;627,904,4;263,928,24;275,940,12;495,972,32;37,988,16;622,1029,41;663,1036,7;325,1068,32;138,1097,29;533,1134,37;533,1134,0;534,1136,1;535,1137,1;
278,2,0;412,12,10;406,18,6;408,20,2;408,20,0;272,33,10;342,35,2;195,48,13;195,48,0;256,60,11;254,62,2;183,69,7;185,71,2;189,75,4;120,78,3;125,83,5;125,83,0;270,99,15;340,101,2;549,114,13;550,115,1;453,126,11;519,132,6;689,142,10;691,144,2;627,152,8;625,154,2;546,165,11;544,167,2;417,186,17;592,191,5;137,204,13;134,207,3;188,225,18;189,226,1;351,244,18;319,248,4;667,260,12;632,261,1;466,275,14;463,278,3;142,293,15;211,296,3;465,312,16;465,312,0;142,330,17;319,337,7;263,353,16;335,357,4;684,372,15;686,374,2;478,392,16;405,397,5;99,415,18;99,415,0;186,437,21;117,440,3;478,462,21;405,467,5;182,488,19;42,494,6;534,512,18;534,512,0;117,534,21;118,535,1;609,561,21;607,563,2;195,587,20;125,589,2;675,621,26;600,628,7;480,652,24;480,652,0;386,680,26;492,684,4;265,709,25;266,710,1;602,734,24;635,737,3;412,766,29;482,768,2;285,795,27;390,798,3;417,825,27;417,825,0;536,851,25;533,854,3;102,893,37;103,894,1;255,922,28;43,934,12;519,968,34;519,968,0;631,1000,32;621,1026,26;42,1061,35;102,1089,26;600,1131,42;600,1131,0;635,1133,1;670,1134,1;635,1135,1;670,1136,1;635,1137,1;
337,11,0;341,17,4;341,17,0;103,32,14;60,41,9;53,48,7;51,50,2;55,54,4;54,55,1;259,66,11;333,72,6;339,78,6;334,83,5;325,92,9;324,93,1;183,102,9;115,106,4;43,114,8;45,116,2;285,128,12;320,129,1;526,139,10;634,145,6;609,158,11;537,162,4;191,178,16;191,178,0;479,196,16;478,197,1;263,213,13;335,217,4;49,231,14;48,232,1;252,246,14;252,246,0;268,263,16;270,265,2;592,281,16;627,282,1;272,297,15;310,301,4;546,317,16;547,318,1;355,340,22;390,341,1;188,355,14;185,358,3;202,377,17;269,384,7;183,402,18;183,402,0;634,420,17;600,422,2;686,440,18;686,440,0;379,458,17;379,458,0;119,481,22;119,481,0;616,506,21;624,516,8;100,532,16;61,537,5;400,561,21;400,561,0;142,584,20;71,587,3;195,609,22;256,620,11;481,641,21;412,644,3;118,666,22;117,667,1;690,698,29;691,699,1;172,720,21;138,722,2;329,747,25;266,756,9;494,780,24;492,782,2;267,809,27;337,811,2;107,837,26;107,837,0;404,863,25;479,870,7;74,901,31;182,907,6;688,939,30;695,946,7;533,972,26;592,997,25;328,1023,26;382,1045,20;386,1077,32;690,1109,32;71,1150,41;106,-1,;
622,6,0;619,9,3;621,15,2;450,24,9;520,26,2;410,34,8;407,37,3;331,45,8;334,48,3;341,55,7;339,57,2;195,71,14;123,75,4;57,83,8;60,86,3;127,97,11;199,101,4;379,111,10;412,114,3;200,124,10;200,124,0;403,140,15;408,145,5;331,154,9;329,156,2;246,171,15;214,175,4;47,188,13;49,190,2;189,200,10;187,202,2;130,217,15;128,219,2;325,238,19;323,240,2;526,253,13;561,254,1;110,271,17;250,275,4;672,289,14;676,293,4;688,305,12;692,309,4;544,323,14;614,325,2;322,347,20;390,351,4;45,366,15;45,366,0;200,386,19;130,388,2;252,413,22;250,415,2;269,434,19;339,436,2;113,458,22;112,459,1;561,478,19;562,479,1;618,501,22;618,501,0;187,524,23;118,527,3;686,551,24;688,553,2;396,575,20;397,576,1;36,599,21;36,599,0;56,620,20;56,620,0;684,647,24;686,649,2;198,675,24;169,682,7;539,708,26;536,711,3;694,733,22;695,734,1;403,754,20;400,757,3;64,781,24;207,788,7;113,814,26;112,815,1;414,845,30;414,845,0;114,874,28;107,881,7;473,907,26;551,919,12;456,946,27;36,958,12;546,992,34;625,1003,11;257,1031,28;313,1053,22;144,1086,33;144,1086,0;179,1128,1;144,1132,1;179,1133,1;214,1134,1;215,1135,1;250,1136,1;285,1137,1;
552,7,0;550,9,2;619,12,3;613,18,6;608,23,5;602,29,6;604,31,2;534,33,2;607,38,5;602,43,5;635,46,3;534,53,7;536,55,2;394,67,12;392,69,2;142,81,12;247,84,3;459,92,8;425,94,2;112,105,11;113,106,1;463,120,14;463,120,0;182,133,11;182,133,0;604,151,16;673,158,7;532,165,7;565,168,3;110,181,13;179,184,3;194,199,15;195,200,1;406,217,13;406,217,0;195,235,13;193,237,2;379,253,16;342,256,3;57,271,15;56,272,1;342,290,16;339,293,3;548,308,15;619,311,3;240,328,17;204,330,2;617,349,19;622,354,5;678,372,16;677,373,1;393,389,16;390,392,3;263,409,17;257,415,6;526,434,19;527,435,1;334,459,23;333,460,1;670,484,23;672,486,2;545,503,17;471,509,6;110,530,21;43,535,5;197,556,18;130,561,5;683,586,25;686,589,3;124,611,22;54,617,6;417,640,23;417,640,0;541,661,20;541,661,0;43,688,24;44,689,1;527,710,21;527,710,0;481,737,26;480,740,1;182,766,26;112,768,2;613,793,25;541,797,4;137,825,28;172,826,1;540,854,28;468,862,8;100,890,28;100,890,0;459,929,37;247,937,8;691,973,36;659,977,4;462,1004,27;621,1029,23;352,1060,31;695,1097,37;351,1135,38;386,1136,1;
519,4,0;552,8,3;552,8,0;477,18,9;479,20,2;477,22,2;408,25,3;475,30,5;475,30,0;484,39,9;589,42,3;488,49,7;522,51,2;103,64,13;243,70,4;551,86,16;617,94,6;547,96,2;547,96,0;592,108,11;624,112,4;379,119,7;624,126,7;616,134,8;546,136,2;190,152,16;193,155,3;338,168,11;336,170,2;118,184,14;116,186,2;129,199,13;130,200,1;522,218,18;522,218,0;64,235,16;60,239,4;125,252,13;53,258,6;113,270,12;115,272,2;325,286,14;323,288,2;198,307,19;123,314,7;37,332,18;37,332,0;190,350,17;120,352,2;680,377,20;681,378,1;120,398,19;117,401,3;386,420,19;390,424,4;407,443,17;404,446,3;59,467,19;57,469,2;470,489,19;468,491,2;51,508,17;46,513,5;464,535,20;465,536,1;187,554,18;250,563,9;610,583,20;608,585,2;247,606,21;250,609,3;339,630,21;379,636,6;255,658,22;247,666,8;408,692,25;478,694,2;667,721,27;526,726,5;479,751,25;478,752,1;144,780,28;109,781,1;271,807,26;342,810,3;532,836,26;597,843,7;123,873,30;269,885,12;600,914,29;670,916,2;309,951,35;417,957,6;118,984,27;46,996,12;520,1028,32;592,1032,4;599,1063,29;627,1093,28;281,1133,40;281,1133,0;246,1135,1;281,1136,1;246,1137,1;
