0 1000.56 0.882 
1 0 0 
2 0 0 
3 0 0 
4 0 0 
5 1000.3 0.663 
6 0 0 
7 0 0 
8 0 0 
9 0 0 
10 1000.3 0.647 
11 0 0 
12 0 0 
13 0 0 
14 0 0 
15 1000.36 0.839 
16 0 0 
17 0 0 
18 0 0 
19 0 0 
20 1000.29 0.787 
21 1000.32 0.933 
22 0 0 
23 0 0 
24 0 0 
25 1000.3 0.757 
26 0 0 
27 0 0 
28 0 0 
29 0 0 
30 1000.3 0.737 
31 1000.4 1.371 
32 1000.37 1.112 
33 0 0 
34 0 0 
35 1000.3 3.656 
36 0 0 
37 0 0 
38 0 0 
39 0 0 
40 1000.3 1.128 
41 1000.29 2.591 
42 0 0 
43 0 0 
44 1000.3 1.035 
45 1000.29 1.107 
46 0 0 
47 0 0 
48 0 0 
49 0 0 
50 1000.3 1.71 
51 0 0 
52 0 0 
53 0 0 
54 0 0 
55 1000.31 1.057 
56 0 0 
57 0 0 
58 0 0 
59 0 0 
60 1000.36 0.934 
61 0 0 
62 1000.31 1.034 
63 0 0 
64 0 0 
65 1000.32 1.035 
66 0 0 
67 0 0 
68 0 0 
69 0 0 
70 1000.33 0.978 
71 0 0 
72 0 0 
73 0 0 
74 1000.29 0.83 
75 1000.28 0.842 
76 0 0 
77 0 0 
78 0 0 
79 1000.32 0.917 
80 1000.31 0.826 
81 0 0 
82 0 0 
83 0 0 
84 0 0 
85 1000.29 0.705 
86 0 0 
87 0 0 
88 1000.27 0.773 
89 0 0 
90 1000.31 0.797 
91 1000.3 0.918 
92 0 0 
93 0 0 
94 0 0 
95 1000.29 0.844 
96 1000.48 0.979 
97 0 0 
98 0 0 
99 0 0 
100 1000.36 1.06 
101 0 0 
102 0 0 
103 0 0 
104 0 0 
105 1000.34 2.485 
106 0 0 
107 0 0 
108 0 0 
109 0 0 
110 1000.32 3.059 
111 0 0 
112 0 0 
113 1000.28 1.843 
114 0 0 
115 1000.32 1.371 
116 0 0 
117 0 0 
118 0 0 
119 0 0 
120 1000.3 1.08 
121 0 0 
122 0 0 
123 0 0 
124 0 0 
125 1000.4 1.382 
126 0 0 
127 0 0 
128 0 0 
129 0 0 
130 1000.34 1.114 
131 0 0 
132 0 0 
133 0 0 
134 0 0 
135 1000.33 27.213 
136 0 0 
137 0 0 
138 0 0 
139 0 0 
140 1000.32 21.324 
141 1000.34 1.237 
142 1000.44 10.884 
143 0 0 
144 0 0 
145 1000.31 9.51 
146 0 0 
147 0 0 
148 0 0 
149 0 0 
150 1000.3 2.382 
151 0 0 
152 0 0 
153 0 0 
154 0 0 
155 1000.35 3.073 
156 0 0 
157 0 0 
158 0 0 
159 0 0 
160 1000.41 2.037 
161 0 0 
162 0 0 
163 0 0 
164 0 0 
165 1000.33 1.696 
166 0 0 
167 0 0 
168 0 0 
169 0 0 
170 1000.33 1.488 
171 0 0 
172 0 0 
173 0 0 
174 0 0 
175 1000.29 1.132 
176 1000.31 1.359 
177 0 0 
178 0 0 
179 0 0 
180 1000.32 1.312 
181 0 0 
182 0 0 
183 0 0 
184 1000.32 1.127 
185 1000.33 1.154 
186 0 0 
187 0 0 
188 0 0 
189 1000.33 1.074 
190 1000.33 1.015 
191 0 0 
192 0 0 
193 0 0 
194 0 0 
195 1000.33 0.961 
196 1000.4 16.987 
197 1000.4 19.496 
198 0 0 
199 0 0 
200 1000.3 12.752 
201 0 0 
202 0 0 
203 0 0 
204 1000.31 1.248 
205 1000.32 1.074 
206 1000.31 4.228 
207 0 0 
208 0 0 
209 0 0 
210 1000.44 3.595 
211 1000.3 3.553 
212 0 0 
213 1000.29 2.413 
214 0 0 
215 1000.31 2.38 
216 0 0 
217 0 0 
218 0 0 
219 0 0 
220 1000.33 1.635 
221 1000.33 1.577 
222 0 0 
223 0.328 1.356 
224 0 0 
225 1000.31 1.427 
226 0 0 
227 0 0 
228 0 0 
229 1000.33 0.96 
230 1000.3 0.967 
231 0 0 
232 0 0 
233 0 0 
234 0 0 
235 1000.29 0.719 
236 0 0 
237 0 0 
238 1000.35 0.682 
239 0 0 
240 1000.35 0.84 
241 1000.35 0.874 
242 0 0 
243 0 0 
244 0 0 
245 1000.28 0.703 
246 0 0 
247 0 0 
248 0 0 
249 0 0 
250 1000.32 0.888 
251 0 0 
252 0 0 
253 0 0 
254 0 0 
255 1000.29 0.784 
256 0 0 
257 0 0 
258 0 0 
259 0 0 
260 1000.28 0.78 
261 1000.45 0.837 
262 0 0 
263 0 0 
264 0 0 
265 1000.29 3.562 
266 0 0 
267 0 0 
268 0 0 
269 0 0 
270 1000.27 1.029 
271 0 0 
272 0 0 
273 0 0 
274 0 0 
275 1000.29 1.985 
276 0 0 
277 0 0 
278 0 0 
279 0 0 
280 1000.27 1.215 
281 0 0 
282 0 0 
283 0 0 
284 0 0 
285 1000.3 1.262 
286 1000.36 1.23 
287 0 0 
288 0 0 
289 0 0 
290 1000.3 1.055 
291 0 0 
292 0 0 
293 0 0 
294 0 0 
295 1000.32 4.223 
296 0 0 
297 0 0 
298 0 0 
299 0 0 
300 1000.32 1.105 
301 0 0 
302 0 0 
303 0 0 
304 0 0 
305 1000.3 2.425 
306 1000.31 1.088 
307 0 0 
308 0 0 
309 0 0 
310 1000.3 1.53 
311 0 0 
312 0 0 
313 0 0 
314 0 0 
315 1000.3 0.945 
316 0 0 
317 0 0 
318 0 0 
319 0 0 
320 1000.31 0.938 
321 0 0 
322 0 0 
323 0 0 
324 1000.35 1.072 
325 1000.29 0.797 
326 0 0 
327 0 0 
328 0 0 
329 0 0 
330 1000.33 1.191 
331 0 0 
332 0 0 
333 0 0 
334 0 0 
335 1000.3 0.765 
336 0 0 
337 0 0 
338 1000.4 0.914 
339 0 0 
340 1000.39 0.834 
341 1000.34 0.808 
342 0 0 
343 0 0 
344 0 0 
345 1000.28 0.656 
346 0 0 
347 0 0 
348 0.275 0.581 
349 0 0 
350 1000.31 0.662 
351 0 0 
352 1000.28 0.704 
353 0 0 
354 0.286 0.683 
355 1000.31 0.773 
356 0 0 
357 0 0 
358 0 0 
359 0 0 
360 1000.26 0.698 
361 0 0 
362 0 0 
363 1000.27 0.646 
364 0 0 
365 1000.44 0.723 
366 1000.33 0.868 
367 0.271 0.738 
368 0 0 
369 0 0 
370 1000.36 0.841 
371 0 0 
372 0 0 
373 0 0 
374 0 0 
375 1000.29 0.679 
376 0 0 
377 0 0 
378 0 0 
379 0 0 
380 1000.35 0.818 
381 0 0 
382 1000.29 0.769 
383 0 0 
384 0 0 
385 1000.3 0.782 
386 0 0 
387 0 0 
388 0 0 
389 0 0 
390 1000.27 0.752 
391 0 0 
392 0 0 
393 0 0 
394 0 0 
395 1000.3 0.817 
396 0 0 
397 0 0 
398 0 0 
399 0 0 
400 1000.35 0.959 
401 0 0 
402 0 0 
403 0 0 
404 1000.28 0.85 
405 1000.3 1.057 
406 0 0 
407 0 0 
408 0 0 
409 0 0 
410 1000.32 0.927 
411 1000.28 1.026 
412 0 0 
413 1000.31 0.898 
414 0 0 
415 1000.35 0.978 
416 0 0 
417 0 0 
418 0 0 
419 0 0 
420 1000.3 3.409 
421 0 0 
422 0 0 
423 0 0 
424 0 0 
425 1000.31 1.768 
426 0 0 
427 0 0 
428 0 0 
429 0 0 
430 1000.29 1.188 
431 1000.28 1.003 
432 0 0 
433 0 0 
434 0 0 
435 1000.27 0.853 
436 0 0 
437 0 0 
438 0 0 
439 0 0 
440 1000.35 0.947 
441 0 0 
442 1000.32 1.034 
443 0 0 
444 0 0 
445 1000.31 0.817 
446 1000.34 0.891 
447 0 0 
448 0 0 
449 0 0 
450 1000.3 0.675 
451 1000.29 1.543 
452 0 0 
453 1000.26 0.814 
454 0 0 
455 1000.31 0.979 
456 0 0 
457 0 0 
458 0 0 
459 0 0 
460 1000.3 0.781 
461 0 0 
462 0 0 
463 0 0 
464 0 0 
465 1000.3 0.739 
466 1000.36 0.849 
467 0 0 
468 0 0 
469 0 0 
470 1000.29 0.741 
471 1000.32 7.928 
472 0 0 
473 0 0 
474 0 0 
475 1000.34 4.165 
476 0 0 
477 0 0 
478 0 0 
479 0 0 
480 1000.35 1.233 
481 0 0 
482 0 0 
483 0 0 
484 0 0 
485 1000.33 0.896 
486 0 0 
487 0 0 
488 0 0 
489 1000.34 1.036 
490 1000.32 1.327 
491 0 0 
492 0 0 
493 0 0 
494 0 0 
495 1000.3 0.8 
496 0 0 
497 1000.34 0.858 
498 1000.28 0.828 
499 0 0 
500 1000.28 1.807 
501 1000.27 1.756 
502 0 0 
503 0 0 
504 0 0 
505 1000.29 1.136 
506 0 0 
507 0 0 
508 0 0 
509 0 0 
510 1000.3 0.912 
511 1000.27 0.947 
512 0 0 
513 0 0 
514 0 0 
515 1000.27 0.824 
516 0 0 
517 0 0 
518 0 0 
519 0.181 1.059 
520 1000.29 0.714 
521 0 0 
522 0 0 
523 0 0 
524 0 0 
525 1000.28 1.615 
526 0 0 
527 1000.31 1.43 
528 0 0 
529 0 0 
530 1000.27 1.268 
531 0 0 
532 0 0 
533 0 0 
534 0 0 
535 1000.3 1.035 
536 0 0 
537 0 0 
538 0 0 
539 0 0 
540 1000.33 1.025 
541 0 0 
542 0 0 
543 0 0 
544 0 0 
545 1000.3 3.258 
546 1000.31 1.207 
547 0 0 
548 0 0 
549 0 0 
550 1000.3 2.393 
551 0 0 
552 0 0 
553 0 0 
554 0 0 
555 1000.46 1.566 
556 0 0 
557 0 0 
558 0 0 
559 0 0 
560 1000.34 1.143 
561 0 0 
562 0 0 
563 0 0 
564 1000.3 1.014 
565 1000.31 0.945 
566 0 0 
567 0 0 
568 0 0 
569 0 0 
570 1000.31 0.913 
571 0 0 
572 0 0 
573 0 0 
574 0 0 
575 1000.34 0.873 
576 0 0 
577 0 0 
578 0 0 
579 0 0 
580 1000.34 1.106 
581 0 0 
582 0 0 
583 0 0 
584 0 0 
585 1000.33 0.832 
586 0 0 
587 0 0 
588 0 0 
589 0 0 
590 1000.31 0.776 
591 0 0 
592 0 0 
593 0 0 
594 1000.35 0.778 
595 1000.33 0.699 
596 0 0 
597 0 0 
598 0 0 
599 0 0 
600 1000.39 0.906 
601 0 0 
602 1000.38 0.934 
603 1000.3 0.738 
604 0 0 
605 1000.32 0.812 
606 0 0 
607 0 0 
608 0 0 
609 0 0 
610 1000.4 1.066 
611 0 0 
612 0 0 
613 0 0 
614 0 0 
615 1000.41 3.231 
616 1000.39 0.964 
617 0 0 
618 0 0 
619 0 0 
620 1000.32 2.667 
621 0 0 
622 0 0 
623 1000.35 1.189 
624 0 0 
625 1000.3 2.226 
626 0 0 
627 0 0 
628 0 0 
629 0 0 
630 1000.3 2.841 
631 0 0 
632 0 0 
633 1000.26 1.661 
634 0 0 
635 1000.29 3.865 
636 0 0 
637 0 0 
638 0 0 
639 0 0 
640 1000.29 2.017 
641 0 0 
642 1000.3 2.347 
643 0 0 
644 0 0 
645 1000.3 1.314 
646 0 0 
647 0 0 
648 0 0 
649 0 0 
650 1000.32 1.607 
651 0 0 
652 0 0 
653 0 0 
654 0 0 
655 1000.28 1.172 
656 0 0 
657 1000.4 1.622 
658 0 0 
659 1000.29 0.991 
660 1000.28 1.078 
661 0 0 
662 0 0 
663 0 0 
664 1000.3 1.035 
665 1000.27 0.896 
666 1000.27 1.077 
667 0 0 
668 0 0 
669 0 0 
670 1000.43 1.021 
671 0 0 
672 0 0 
673 0 0 
674 0 0 
675 1000.31 0.881 
676 0 0 
677 1000.29 0.856 
678 0 0 
679 0 0 
680 1000.29 0.922 
681 0 0 
682 0 0 
683 0 0 
684 1000.32 0.79 
685 1000.3 0.835 
686 0 0 
687 0 0 
688 0 0 
689 0 0 
690 1000.31 0.848 
691 0 0 
692 0 0 
693 1000.31 0.775 
694 0 0 
695 1000.28 0.693 
696 0 0 
697 0 0 
698 0 0 
699 0 0 
700 1000.37 2.805 
701 0 0 
702 1000.32 0.877 
703 0 0 
704 0 0 
705 1000.37 1.512 
706 0 0 
707 0 0 
708 1000.28 1.072 
709 0 0 
710 1000.28 6.246 
711 0 0 
712 1000.27 5.848 
713 0 0 
714 0 0 
715 1000.29 4.918 
716 0 0 
717 1000.33 4.987 
718 0 0 
719 0 0 
720 1000.28 4.124 
721 0 0 
722 0 0 
723 0 0 
724 0 0 
725 1000.28 2.894 
726 0 0 
727 0 0 
728 0 0 
729 0 0 
730 1000.3 1.869 
731 0 0 
732 1000.28 1.568 
733 0 0 
734 0 0 
735 1000.29 1.352 
736 0 0 
737 0 0 
738 0 0 
739 0 0 
740 1000.29 1.331 
741 0 0 
742 0 0 
743 0 0 
744 0 0 
745 1000.35 1.196 
746 1000.31 1.391 
747 0 0 
748 0 0 
749 0 0 
750 1000.28 0.929 
751 0 0 
752 0 0 
753 0 0 
754 0 0 
755 1000.28 1.103 
756 0 0 
757 0 0 
758 1000.27 3.077 
759 0 0 
760 0.186 1.133 
761 1000.28 3.675 
762 0 0 
763 0 0 
764 0 0 
765 1000.3 4.203 
766 0 0 
767 0 0 
768 0 0 
769 0 0 
770 1000.34 1.651 
771 0 0 
772 1000.34 2.51 
773 0 0 
774 0 0 
775 1000.37 1.459 
776 1000.37 1.427 
777 0 0 
778 0 0 
779 0 0 
780 1000.27 1.091 
781 0 0 
782 0 0 
783 0 0 
784 0 0 
785 1000.27 1.001 
786 0 0 
787 0 0 
788 0 0 
789 0 0 
790 1000.28 1.774 
791 0 0 
792 0 0 
793 0 0 
794 0 0 
795 1000.3 1.076 
796 0 0 
797 1000.29 0.913 
798 0.257 0.978 
799 0 0 
800 1000.29 0.859 
801 0 0 
802 0 0 
803 1000.28 0.865 
804 0 0 
805 1000.36 0.9 
806 0 0 
807 0 0 
808 0 0 
809 0 0 
810 1000.35 0.969 
811 0 0 
812 0 0 
813 0 0 
814 0 0 
815 1000.5 1.287 
816 0 0 
817 0 0 
818 0 0 
819 0 0 
820 1000.3 0.831 
821 1000.28 0.928 
822 0 0 
823 0 0 
824 1000.32 0.87 
825 1000.3 0.767 
826 0 0 
827 0 0 
828 0 0 
829 0 0 
830 1000.31 0.695 
831 0 0 
832 0 0 
833 0 0 
834 0 0 
835 1000.3 0.646 
836 0 0 
837 1000.3 0.922 
838 0 0 
839 0 0 
840 1000.27 4.03 
841 0 0 
842 0 0 
843 0 0 
844 0 0 
845 1000.31 4.585 
846 0 0 
847 0 0 
848 0 0 
849 0 0 
850 1000.37 1.086 
851 0 0 
852 0 0 
853 0 0 
854 0.312 1.85 
855 1000.37 1.545 
856 0 0 
857 0 0 
858 0 0 
859 0 0 
860 1000.35 1.148 
861 0 0 
862 0 0 
863 0 0 
864 0 0 
865 1000.31 0.961 
866 0 0 
867 0 0 
868 0 0 
869 1000.28 0.862 
870 1000.48 3.479 
871 0 0 
872 0 0 
873 1000.42 0.988 
874 0 0 
875 1000.32 0.997 
876 0 0 
877 0 0 
878 0 0 
879 0 0 
880 1000.39 1.044 
881 0 0 
882 0 0 
883 0 0 
884 0 0 
885 1000.28 0.937 
886 1000.26 1.33 
887 0 0 
888 0 0 
889 0 0 
890 1000.28 0.795 
891 0 0 
892 0 0 
893 0 0 
894 0 0 
895 1000.38 0.94 
896 0 0 
897 0 0 
898 0 0 
899 0 0 
900 1000.39 0.887 
901 0 0 
902 0 0 
903 0 0 
904 0 0 
905 1000.38 1.029 
906 0 0 
907 1000.34 0.906 
908 1000.27 0.872 
909 0 0 
910 1000.38 1.045 
911 1000.34 0.97 
912 0 0 
913 1000.29 2.294 
914 0 0 
915 1000.26 0.905 
916 1000.31 1.556 
917 0 0 
918 0 0 
919 0 0 
920 1000.3 0.925 
921 0 0 
922 1000.27 0.732 
923 0 0 
924 0 0 
925 1000.31 0.76 
926 1000.28 0.974 
927 1000.38 0.997 
928 0 0 
929 0 0 
930 1000.28 0.791 
931 1000.29 0.962 
932 0 0 
933 0 0 
934 1000.33 0.864 
935 1000.34 0.885 
936 0 0 
937 0 0 
938 0 0 
939 0 0 
940 1000.33 1.002 
941 0 0 
942 0 0 
943 0 0 
944 0 0 
945 1000.33 0.901 
946 0 0 
947 0 0 
948 0 0 
949 0 0 
950 1000.37 1.169 
951 0 0 
952 0 0 
953 0 0 
954 0 0 
955 1000.41 1.043 
956 0 0 
957 0 0 
958 0 0 
959 1000.27 0.801 
960 1000.3 0.928 
961 0 0 
962 0 0 
963 0 0 
964 0 0 
965 1000.27 0.831 
966 0 0 
967 0 0 
968 1000.35 1.018 
969 0 0 
970 1000.37 1.104 
971 1000.35 1.114 
972 0 0 
973 0 0 
974 0 0 
975 1000.31 2.653 
976 0 0 
977 0 0 
978 0 0 
979 0 0 
980 1000.35 1.321 
981 0 0 
982 0 0 
983 0 0 
984 0 0 
985 1000.27 2.095 
986 0 0 
987 0 0 
988 1000.26 4.062 
989 0 0 
990 1000.29 3.443 
991 0 0 
992 1000.29 2.973 
993 0 0 
994 1000.28 2.75 
995 1000.26 0.876 
996 0 0 
997 0 0 
998 0 0 
999 0 0 
1000 1000.24 1.301 
1001 0 0 
1002 1000.25 0.941 
1003 0 0 
1004 0 0 
1005 1000.26 1.102 
1006 0 0 
1007 0 0 
1008 0 0 
1009 0 0 
1010 1000.26 0.851 
1011 0 0 
1012 1000.25 1.025 
1013 0 0 
1014 0 0 
1015 1000.27 0.887 
1016 0 0 
1017 0 0 
1018 1000.33 0.956 
1019 0 0 
1020 1000.28 0.903 
1021 1000.29 5.661 
1022 0 0 
1023 1000.28 1.489 
1024 0 0 
1025 1000.28 0.904 
1026 0 0 
1027 0 0 
1028 0 0 
1029 0 0 
1030 1000.29 0.964 
1031 0 0 
1032 0 0 
1033 0 0 
1034 0 0 
1035 1000.3 0.848 
1036 0 0 
1037 0 0 
1038 0 0 
1039 0 0 
1040 1000.35 0.712 
1041 1000.29 1.015 
1042 0 0 
1043 0 0 
1044 0 0 
1045 1000.29 0.855 
1046 1000.3 0.963 
1047 0 0 
1048 0 0 
1049 0 0 
1050 1000.27 0.904 
1051 0 0 
1052 0 0 
1053 0 0 
1054 0 0 
1055 1000.35 14.159 
1056 0 0 
1057 0 0 
1058 1000.29 3.476 
1059 0 0 
1060 1000.34 3.438 
1061 0 0 
1062 0 0 
1063 1000.27 2.746 
1064 0 0 
1065 1000.33 2.522 
1066 0 0 
1067 0 0 
1068 0 0 
1069 0 0 
1070 1000.29 1.51 
1071 0 0 
1072 1000.28 1.438 
1073 0 0 
1074 0 0 
1075 1000.3 1.246 
1076 0 0 
1077 0 0 
1078 0 0 
1079 0 0 
1080 1000.36 2.877 
1081 0 0 
1082 0 0 
1083 0 0 
1084 0 0 
1085 1000.26 1.044 
1086 0 0 
1087 1000.26 0.851 
1088 0 0 
1089 0 0 
1090 1000.29 1.01 
1091 0 0 
1092 1000.33 6.448 
1093 0 0 
1094 0 0 
1095 1000.28 4.667 
1096 0 0 
1097 0 0 
1098 0 0 
1099 0 0 
1100 1000.28 3.686 
1101 0 0 
1102 1000.28 5.192 
1103 0 0 
1104 1000.27 3.027 
1105 1000.3 4.155 
1106 0 0 
1107 0 0 
1108 0 0 
1109 1000.27 3.399 
1110 1000.3 1.967 
1111 1000.3 2.648 
1112 0 0 
1113 0 0 
1114 0 0 
1115 1000.27 1.198 
1116 0 0 
1117 0 0 
1118 0 0 
1119 0 0 
1120 1000.28 1.528 
1121 0 0 
1122 0 0 
1123 0 0 
1124 0 0 
1125 1000.28 0.853 
1126 0 0 
1127 0 0 
1128 0 0 
1129 0 0 
1130 1000.3 1.231 
1131 1000.28 0.972 
1132 0 0 
1133 1000.31 0.859 
1134 0 0 
1135 1000.29 1.299 
1136 0 0 
1137 0 0 
1138 0 0 
1139 0 0 
1140 1000.37 1.09 
1141 0 0 
1142 0 0 
1143 1000.3 0.891 
1144 0 0 
1145 1000.25 0.845 
1146 0 0 
1147 0 0 
1148 1000.46 1.159 
1149 0 0 
1150 1000.39 0.922 
1151 0 0 
1152 1000.31 0.962 
1153 0 0 
1154 0 0 
1155 1000.35 0.92 
1156 0 0 
1157 0 0 
1158 0 0 
1159 0 0 
1160 1000.38 0.889 
1161 0 0 
1162 0 0 
1163 0 0 
1164 0 0 
1165 1000.35 0.93 
1166 0 0 
1167 0 0 
1168 1000.29 0.819 
1169 0 0 
1170 1000.38 0.962 
1171 0 0 
1172 0 0 
1173 0 0 
1174 0 0 
1175 1000.41 0.927 
1176 1000.36 1.199 
1177 0 0 
1178 1000.3 0.881 
1179 0 0 
1180 1000.31 0.973 
1181 0 0 
1182 0 0 
1183 0 0 
1184 1000.29 0.848 
1185 1000.39 1.549 
1186 1000.35 1.082 
1187 0 0 
1188 0 0 
1189 0 0 
1190 1000.3 1.059 
1191 0 0 
1192 0 0 
1193 0 0 
1194 0 0 
1195 1000.25 1.075 
1196 0 0 
1197 0 0 
1198 0 0 
1199 0 0 
1200 1000.24 2.295 
1201 1000.29 2.123 
1202 0 0 
1203 0 0 
1204 0 0 
1205 1000.29 2.71 
1206 1000.29 1.113 
1207 0 0 
1208 0 0 
1209 0 0 
1210 1000.26 1.786 
1211 1000.28 1.065 
1212 0 0 
1213 0 0 
1214 0.208 0.916 
1215 1000.27 1.015 
1216 0 0 
1217 1000.29 0.931 
1218 0 0 
1219 0 0 
1220 1000.29 0.885 
1221 0 0 
1222 1000.26 0.875 
1223 0 0 
1224 0 0 
1225 1000.23 0.671 
1226 0 0 
1227 0 0 
1228 0 0 
1229 0 0 
1230 1000.27 6.093 
1231 0 0 
1232 0 0 
1233 0 0 
1234 0 0 
1235 1000.27 1.788 
1236 0 0 
1237 1000.24 1.093 
1238 0 0 
1239 0 0 
1240 1000.27 1.278 
1241 1000.24 1.594 
1242 0 0 
1243 0 0 
1244 0 0 
1245 1000.25 1.129 
1246 0 0 
1247 0 0 
1248 1000.26 1.215 
1249 0 0 
1250 1000.27 3.126 
1251 0 0 
1252 0 0 
1253 0 0 
1254 1000.33 1.928 
1255 1000.37 2.293 
1256 0 0 
1257 0 0 
1258 0 0 
1259 0 0 
1260 1000.29 1.528 
1261 1000.26 1.996 
1262 0 0 
1263 1000.28 1.417 
1264 0 0 
1265 1000.27 1.614 
1266 0 0 
1267 1000.3 1.144 
1268 0 0 
1269 0 0 
1270 1000.34 1.173 
1271 0 0 
1272 0 0 
1273 0 0 
1274 0 0 
1275 1000.38 1.227 
1276 0 0 
1277 0.277 1.033 
1278 0 0 
1279 0 0 
1280 1000.3 0.979 
1281 0 0 
1282 1000.29 0.961 
1283 0 0 
1284 1000.34 0.916 
1285 1000.29 1.154 
1286 0 0 
1287 0 0 
1288 0 0 
1289 0 0 
1290 1000.32 0.964 
1291 0 0 
1292 0 0 
1293 0 0 
1294 0 0 
1295 1000.4 1.147 
1296 0 0 
1297 1000.28 0.876 
1298 0 0 
1299 0 0 
1300 1000.37 1.119 
1301 0 0 
1302 0 0 
1303 0 0 
1304 0 0 
1305 1000.32 0.918 
1306 0 0 
1307 0 0 
1308 1000.28 1.681 
1309 0 0 
1310 1000.28 0.9 
1311 0 0 
1312 0 0 
1313 0 0 
1314 0 0 
1315 1000.38 1.33 
1316 1000.34 1.092 
1317 0 0 
1318 0 0 
1319 0 0 
1320 1000.38 1 
1321 0 0 
1322 1000.3 1.604 
1323 0 0 
1324 0 0 
1325 1000.26 0.845 
1326 1000.28 0.858 
1327 0 0 
1328 0 0 
1329 0 0 
1330 1000.29 0.857 
1331 0 0 
1332 1000.29 1.028 
1333 0 0 
1334 0 0 
1335 1000.29 0.853 
1336 1000.28 0.907 
1337 0.252 0.783 
1338 0 0 
1339 0 0 
1340 1000.32 0.895 
1341 0 0 
1342 0 0 
1343 0 0 
1344 0 0 
1345 1000.29 1.728 
1346 0 0 
1347 0 0 
1348 1000.28 1.79 
1349 0 0 
1350 1000.3 1.377 
1351 0 0 
1352 0 0 
1353 0 0 
1354 0 0 
1355 1000.37 0.979 
1356 1000.35 1.05 
1357 0 0 
1358 0 0 
1359 0 0 
1360 1000.38 0.967 
1361 1000.39 0.938 
1362 0 0 
1363 0 0 
1364 0 0 
1365 1000.34 0.905 
1366 1000.35 2.356 
1367 0 0 
1368 0 0 
1369 0 0 
1370 1000.37 1.083 
1371 0 0 
1372 0 0 
1373 0 0 
1374 0 0 
1375 1000.36 0.955 
1376 0 0 
1377 0 0 
1378 0 0 
1379 0 0 
1380 1000.42 0.879 
1381 0 0 
1382 1000.35 0.801 
1383 1000.3 0.675 
1384 0 0 
1385 1000.34 0.731 
1386 1000.29 0.647 
1387 0 0 
1388 0 0 
1389 0.233 0.467 
1390 1000.35 0.725 
1391 0 0 
1392 0 0 
1393 0 0 
1394 1000.24 1.047 
1395 1000.3 0.711 
1396 0 0 
1397 0 0 
1398 0 0 
1399 1000.29 0.74 
1400 1000.28 0.964 
1401 1000.27 1.752 
1402 0 0 
1403 0 0 
1404 0 0 
1405 1000.3 0.971 
1406 0 0 
1407 0 0 
1408 0 0 
1409 0 0 
1410 1000.31 1.518 
1411 0 0 
1412 0 0 
1413 0 0 
1414 0 0 
1415 1000.48 8.71 
1416 0 0 
1417 0 0 
1418 0 0 
1419 0 0 
1420 1000.3 4.283 
1421 0 0 
1422 0 0 
1423 1000.26 4.926 
1424 0 0 
1425 1000.3 2.368 
1426 0 0 
1427 0 0 
1428 0 0 
1429 0 0 
1430 1000.3 1.953 
1431 0 0 
1432 1000.29 1.688 
1433 0 0 
1434 0 0 
1435 1000.27 1.277 
1436 0 0 
1437 0 0 
1438 0 0 
1439 0 0 
1440 1000.29 1.517 
1441 0 0 
1442 0 0 
1443 0 0 
1444 0 0 
1445 1000.29 1.568 
1446 0 0 
1447 0 0 
1448 0 0 
1449 0.222 0.942 
1450 1000.3 1.141 
1451 0 0 
1452 0 0 
1453 0 0 
1454 0 0 
1455 1000.3 0.887 
1456 0 0 
1457 0 0 
1458 0 0 
1459 0 0 
1460 1000.27 7.015 
1461 1000.28 0.893 
1462 0 0 
1463 0 0 
1464 0 0 
1465 1000.33 6.093 
1466 0 0 
1467 1000.31 1.061 
1468 0 0 
1469 0 0 
1470 1000.29 4.871 
1471 0 0 
1472 0 0 
1473 0 0 
1474 0 0 
1475 1000.28 0.931 
1476 0 0 
1477 0 0 
1478 0 0 
1479 0 0 
1480 1000.29 3.84 
1481 0 0 
1482 0 0 
1483 0 0 
1484 0 0 
1485 1000.31 1.009 
1486 0 0 
1487 0 0 
1488 0 0 
1489 0 0 
1490 1000.36 1.112 
1491 1000.38 1.324 
1492 0 0 
1493 0 0 
1494 0 0 
1495 1000.3 0.997 
1496 0 0 
1497 0 0 
1498 0 0 
1499 0 0 
1500 1000.38 1.088 
1501 0 0 
1502 0 0 
1503 0 0 
1504 0 0 
1505 1000.38 6.795 
1506 0 0 
1507 1000.29 6.65 
1508 0 0 
1509 0 0 
1510 1000.38 1.122 
1511 0 0 
1512 0 0 
1513 0 0 
1514 0 0 
1515 1000.36 7.093 
1516 0 0 
1517 0 0 
1518 0 0 
1519 1000.33 1.243 
1520 1000.35 5.572 
1521 0 0 
1522 0 0 
1523 0 0 
1524 0 0 
1525 1000.38 1.301 
1526 0 0 
1527 0 0 
1528 0 0 
1529 0 0 
1530 1000.31 5.201 
1531 0 0 
1532 0 0 
1533 0 0 
1534 0 0 
1535 1000.32 1.146 
1536 0 0 
1537 0 0 
1538 0 0 
1539 0 0 
1540 1000.31 2.946 
1541 0 0 
1542 0 0 
1543 0 0 
1544 0 0 
1545 1000.29 1.009 
1546 0 0 
1547 0 0 
1548 0 0 
1549 0 0 
1550 1000.34 1.735 
1551 0 0 
1552 1000.31 0.995 
1553 1000.28 1.199 
1554 0 0 
1555 1000.36 1.011 
1556 0 0 
1557 1000.31 0.831 
1558 0 0 
1559 1000.31 0.879 
1560 1000.3 0.758 
1561 0 0 
1562 1000.35 0.82 
1563 0 0 
1564 0 0 
1565 1000.42 1.021 
1566 0 0 
1567 1000.31 5.59 
1568 0 0 
1569 0 0 
1570 1000.32 9.692 
1571 0 0 
1572 0 0 
1573 0 0 
1574 0 0 
1575 1000.34 26.123 
1576 0 0 
1577 0 0 
1578 0 0 
1579 0 0 
1580 1000.4 1.412 
1581 0 0 
1582 1000.35 6.403 
1583 0 0 
1584 0 0 
1585 1000.38 1.35 
1586 0 0 
1587 0 0 
1588 1000.34 16.901 
1589 0 0 
1590 1000.35 1.384 
1591 0 0 
1592 0 0 
1593 0 0 
1594 0 0 
1595 1000.4 11.109 
1596 1000.41 1.352 
1597 0 0 
1598 0 0 
1599 0 0 
1600 1000.42 8.719 
1601 0 0 
1602 0 0 
1603 0 0 
1604 0 0 
1605 1000.38 4.506 
1606 0 0 
1607 0 0 
1608 0 0 
1609 1000.46 1.464 
1610 1000.38 2.29 
1611 0 0 
1612 0 0 
1613 0 0 
1614 0 0 
1615 1000.38 1.074 
1616 1000.41 3.19 
1617 0 0 
1618 1000.36 2.12 
1619 0 0 
1620 1000.44 2.556 
1621 0 0 
1622 0 0 
1623 1000.41 1.713 
1624 0 0 
1625 1000.38 1.795 
1626 1000.38 1.644 
1627 0 0 
1628 1000.39 1.691 
1629 0 0 
1630 1000.32 1.398 
1631 0 0 
1632 0 0 
1633 0 0 
1634 1000.34 1.523 
1635 1000.34 2.085 
1636 1000.39 1.441 
1637 0 0 
1638 0 0 
1639 1000.36 1.484 
1640 1000.49 1.638 
1641 0 0 
1642 0 0 
1643 1000.35 1.595 
1644 0 0 
1645 1000.38 1.167 
1646 0 0 
1647 0 0 
1648 0 0 
1649 0 0 
1650 1000.34 1.169 
1651 0 0 
1652 1000.32 1.067 
1653 0 0 
1654 0 0 
1655 1000.34 1.028 
1656 0 0 
1657 0 0 
1658 0 0 
1659 0 0 
1660 1000.36 1.076 
1661 0 0 
1662 0 0 
1663 0 0 
1664 0 0 
1665 1000.32 0.919 
1666 1000.38 1.169 
1667 0 0 
1668 0 0 
1669 0 0 
1670 1000.38 1.109 
1671 0 0 
1672 0 0 
1673 0 0 
1674 0 0 
1675 1000.41 1.514 
1676 0 0 
1677 1000.34 1.072 
1678 0 0 
1679 0 0 
1680 1000.31 1.224 
1681 0 0 
1682 0 0 
1683 0 0 
1684 0 0 
1685 1000.38 1.148 
1686 1000.4 1.525 
1687 0 0 
1688 0 0 
1689 1000.36 4.292 
1690 1000.35 1.299 
1691 0 0 
1692 0 0 
1693 0 0 
1694 0 0 
1695 1000.38 1.116 
1696 0 0 
1697 0 0 
1698 0 0 
1699 0 0 
1700 1000.34 1.043 
1701 0 0 
1702 0 0 
1703 0 0 
1704 1000.42 1.043 
1705 1000.4 5.55 
1706 0 0 
1707 0 0 
1708 0 0 
1709 1000.39 4.01 
1710 1000.37 4.167 
1711 0 0 
1712 0 0 
1713 0 0 
1714 0 0 
1715 1000.36 2.495 
1716 1000.36 2.286 
1717 0 0 
1718 0 0 
1719 0 0 
1720 1000.5 2.006 
1721 1000.6 1.836 
1722 0 0 
1723 0 0 
1724 0 0 
1725 1000.47 1.301 
1726 0 0 
1727 0 0 
1728 1000.34 1.312 
1729 0 0 
1730 1000.4 1.164 
1731 0 0 
1732 0 0 
1733 0 0 
1734 1000.38 2.505 
1735 1000.41 1.179 
1736 1000.35 2.153 
1737 1000.36 1.056 
1738 0 0 
1739 0 0 
1740 1000.33 1.406 
1741 0 0 
1742 0 0 
1743 0 0 
1744 1000.32 1.005 
1745 1000.31 0.946 
1746 0 0 
1747 0 0 
1748 0 0 
1749 0 0 
1750 1000.33 0.965 
1751 1000.34 1.208 
1752 0 0 
1753 0 0 
1754 0 0 
1755 1000.34 1.117 
1756 0 0 
1757 1000.36 1.016 
1758 1000.38 1.065 
1759 0 0 
1760 1000.42 0.989 
1761 0 0 
1762 0 0 
1763 0 0 
1764 1000.38 1.18 
1765 1000.4 1.073 
1766 0 0 
1767 0 0 
1768 1000.35 1.19 
1769 0 0 
1770 1000.39 1.093 
1771 1000.38 1.069 
1772 0 0 
1773 0 0 
1774 0 0 
1775 1000.35 1.155 
1776 0 0 
1777 0 0 
1778 0 0 
1779 1000.41 1.055 
1780 1000.32 1.146 
1781 0 0 
1782 0 0 
1783 0 0 
1784 1000.39 1.098 
1785 1000.33 0.976 
1786 0 0 
1787 0 0 
1788 1000.33 1.031 
1789 0 0 
1790 1000.38 1.009 
1791 0 0 
1792 0 0 
1793 1000.33 0.931 
1794 0 0 
1795 1000.38 1.075 
1796 0 0 
1797 0 0 
1798 0 0 
1799 0 0 
1800 1000.58 0.959 
1801 0 0 
1802 1000.35 0.902 
1803 1000.32 0.893 
1804 1000.37 1.05 
1805 1000.44 0.88 
1806 0 0 
1807 0 0 
1808 1000.4 0.897 
1809 0 0 
1810 1000.35 2.479 
1811 0 0 
1812 0 0 
1813 0 0 
1814 0 0 
1815 1000.34 0.865 
1816 0 0 
1817 0 0 
1818 1000.32 0.943 
1819 0 0 
1820 1000.33 0.866 
1821 0 0 
1822 1000.32 1.208 
1823 0 0 
1824 0 0 
1825 1000.4 0.973 
1826 1000.35 0.834 
1827 0 0 
1828 0 0 
1829 0 0 
1830 0.339 0.865 
1831 1000.41 0.994 
1832 0 0 
1833 0 0 
1834 0 0 
1835 1000.34 0.717 
1836 0.32 0.829 
1837 0 0 
1838 0 0 
1839 0 0 
1840 1000.33 0.724 
1841 0 0 
1842 0 0 
1843 0 0 
1844 1000.39 0.882 
1845 1000.39 1.177 
1846 0 0 
1847 0 0 
1848 0 0 
1849 0 0 
1850 1000.35 0.994 
1851 0 0 
1852 0 0 
1853 0 0 
1854 0 0 
1855 1000.34 1.064 
1856 0 0 
1857 0 0 
1858 0 0 
1859 0 0 
1860 1000.44 2.502 
1861 0 0 
1862 0 0 
1863 0 0 
1864 0 0 
1865 1000.4 1.131 
1866 0 0 
1867 0 0 
1868 0 0 
1869 0 0 
1870 1000.57 1.733 
1871 0 0 
1872 0 0 
1873 0 0 
1874 1000.5 1.036 
1875 1000.38 1.369 
1876 0 0 
1877 0 0 
1878 0 0 
1879 0 0 
1880 1000.41 1.225 
1881 0 0 
1882 0 0 
1883 1000.37 0.946 
1884 0 0 
1885 1000.37 0.935 
1886 0 0 
1887 0 0 
1888 0 0 
1889 0 0 
1890 1000.41 0.96 
1891 0 0 
1892 1000.34 0.952 
1893 0 0 
1894 0 0 
1895 1000.41 0.912 
1896 0 0 
1897 0 0 
1898 0 0 
1899 0 0 
1900 1000.39 1.029 
1901 0 0 
1902 0 0 
1903 0 0 
1904 0 0 
1905 1000.86 1.452 
1906 0 0 
1907 0 0 
1908 0 0 
1909 0 0 
1910 1000.47 1.026 
1911 1000.37 1.126 
1912 1000.4 1.175 
1913 1000.42 0.98 
1914 0 0 
1915 1000.81 1.338 
1916 0 0 
1917 0 0 
1918 0 0 
1919 0 0 
1920 1000.33 0.885 
1921 0 0 
1922 1000.39 0.95 
1923 0 0 
1924 0 0 
1925 1000.43 0.919 
1926 0 0 
1927 0 0 
1928 1000.42 1.114 
1929 0 0 
1930 1000.39 1.084 
1931 1000.41 0.99 
1932 0 0 
1933 1000.37 1.138 
1934 0 0 
1935 1000.33 1.175 
1936 0 0 
1937 0 0 
1938 1000.35 1.105 
1939 0 0 
1940 1000.38 1.205 
1941 0 0 
1942 0 0 
1943 0 0 
1944 0 0 
1945 1000.37 1.432 
1946 0 0 
1947 0 0 
1948 0 0 
1949 0 0 
1950 1000.39 1.478 
1951 0 0 
1952 0 0 
1953 0 0 
1954 0 0 
1955 1000.34 1.158 
1956 0 0 
1957 0 0 
1958 0 0 
1959 0 0 
1960 1000.43 1.173 
1961 1000.39 1.159 
1962 0 0 
1963 0 0 
1964 0 0 
1965 1000.43 1.145 
1966 0 0 
1967 0 0 
1968 0 0 
1969 1000.47 0.954 
1970 1000.54 0.938 
1971 1000.44 1.039 
1972 0 0 
1973 0 0 
1974 1000.33 0.835 
1975 1000.4 0.946 
1976 0 0 
1977 0 0 
1978 0 0 
1979 1000.32 5.21 
1980 1000.32 11.314 
1981 0 0 
1982 0 0 
1983 1000.32 6.778 
1984 0 0 
1985 1000.36 4.99 
1986 1000.33 4.745 
1987 0 0 
1988 0 0 
1989 0.329 3.795 
1990 1000.34 2.91 
1991 0 0 
1992 0 0 
1993 0 0 
1994 0 0 
1995 1000.34 2.643 
1996 0 0 
1997 0 0 
1998 0 0 
1999 0 0 
2000 1000.35 1.504 
2001 0 0 
2002 1000.32 1.703 
2003 0 0 
2004 0 0 
2005 1000.36 1.191 
2006 0 0 
2007 0 0 
2008 1000.36 1.216 
2009 0 0 
2010 1000.96 1.237 
2011 0 0 
2012 0 0 
2013 0 0 
2014 1000.36 1.181 
2015 1000.4 1.176 
2016 0 0 
2017 0 0 
2018 0 0 
2019 0 0 
2020 1000.61 1.393 
2021 0 0 
2022 0 0 
2023 0 0 
2024 0 0 
2025 1000.37 1.906 
2026 1000.37 1.074 
2027 0 0 
2028 0 0 
2029 1000.42 1.928 
2030 1000.42 1.061 
2031 0 0 
2032 0 0 
2033 0 0 
2034 0 0 
2035 1000.35 1.149 
2036 0 0 
2037 0 0 
2038 0 0 
2039 0 0 
2040 1000.38 0.972 
2041 0 0 
2042 0 0 
2043 0 0 
2044 0 0 
2045 1000.42 0.992 
2046 0 0 
2047 0 0 
2048 0 0 
2049 1000.4 0.978 
2050 1000.4 1.14 
2051 0 0 
2052 0 0 
2053 0 0 
2054 1000.35 0.979 
2055 1000.35 0.992 
2056 1000.33 1.076 
2057 0 0 
2058 0 0 
2059 1000.48 1.061 
2060 1000.47 1.154 
2061 0 0 
2062 0 0 
2063 0 0 
2064 1000.42 2.716 
2065 1000.41 2.078 
2066 0 0 
2067 0 0 
2068 0 0 
2069 0 0 
2070 1000.45 2.298 
2071 0 0 
2072 0 0 
2073 0 0 
2074 0 0 
2075 1000.35 4.21 
2076 0 0 
2077 0 0 
2078 0 0 
2079 1000.4 1.244 
2080 1000.34 2.928 
2081 0 0 
2082 0 0 
2083 0 0 
2084 0 0 
2085 1000.57 1.175 
2086 0 0 
2087 0 0 
2088 0 0 
2089 0 0 
2090 1000.39 1.557 
2091 0 0 
2092 0 0 
2093 1000.35 1.031 
2094 0 0 
2095 1000.39 2.333 
2096 0 0 
2097 0 0 
2098 1000.38 1.429 
2099 0 0 
2100 1000.34 1.569 
2101 1000.43 1.194 
2102 1000.32 1.483 
2103 0 0 
2104 0.274 0.975 
2105 1000.32 5.744 
2106 0 0 
2107 0 0 
2108 0 0 
2109 0 0 
2110 1000.4 1.087 
2111 0 0 
2112 1000.36 2.472 
2113 1000.36 2.203 
2114 0 0 
2115 1000.34 0.955 
2116 0 0 
2117 1000.35 1.086 
2118 0 0 
2119 0 0 
2120 1000.37 1.074 
2121 0 0 
2122 0 0 
2123 0 0 
2124 0 0 
2125 1000.33 1.241 
2126 0 0 
2127 0 0 
2128 0 0 
2129 0 0 
2130 1000.41 1.382 
2131 0 0 
2132 0 0 
2133 0 0 
2134 0 0 
2135 1000.36 1.456 
2136 0 0 
2137 0 0 
2138 0 0 
2139 0 0 
2140 1000.34 1.6 
2141 0 0 
2142 0 0 
2143 0 0 
2144 0 0 
2145 1000.39 1.69 
2146 0 0 
2147 0 0 
2148 1000.42 1.714 
2149 0 0 
2150 1000.44 1.596 
2151 0 0 
2152 0 0 
2153 0 0 
2154 0 0 
2155 1000.37 1.58 
2156 0 0 
2157 0 0 
2158 0 0 
2159 0 0 
2160 1000.36 1.469 
2161 0 0 
2162 0 0 
2163 0 0 
2164 0 0 
2165 1000.37 1.44 
2166 0 0 
2167 0 0 
2168 0 0 
2169 0 0 
2170 1000.36 1.311 
2171 0 0 
2172 0 0 
2173 0 0 
2174 0 0 
2175 1000.46 1.455 
2176 0 0 
2177 0 0 
2178 0 0 
2179 0 0 
2180 1000.5 1.369 
2181 0 0 
2182 0 0 
2183 0 0 
2184 0 0 
2185 1000.35 1.262 
2186 0 0 
2187 1000.35 1.134 
2188 0 0 
2189 0 0 
2190 1000.36 1.063 
2191 1000.35 1.155 
2192 1000.33 0.95 
2193 0 0 
2194 0 0 
2195 1000.38 1.029 
2196 0 0 
2197 0 0 
2198 0 0 
2199 0 0 
2200 1000.37 0.916 
2201 0 0 
2202 1000.36 1.045 
2203 0 0 
2204 0 0 
2205 1000.45 2.693 
2206 0 0 
2207 0 0 
2208 0 0 
2209 1000.41 1.754 
2210 1000.55 2.157 
2211 0 0 
2212 1000.81 1.754 
2213 0 0 
2214 0 0 
2215 1000.43 1.606 
2216 0 0 
2217 0 0 
2218 0 0 
2219 0 0 
2220 1000.35 1.375 
2221 0 0 
2222 0 0 
2223 1000.45 1.71 
2224 0 0 
2225 1000.41 1.289 
2226 0 0 
2227 1000.39 1.275 
2228 0 0 
2229 0 0 
2230 1000.35 0.984 
2231 1000.34 1.105 
2232 1000.34 1.078 
2233 0 0 
2234 0 0 
2235 1000.34 0.973 
2236 0 0 
2237 0 0 
2238 0 0 
2239 0 0 
2240 1000.35 1.764 
2241 0 0 
2242 0 0 
2243 0 0 
2244 0 0 
2245 1000.39 1.619 
2246 0 0 
2247 0 0 
2248 1000.34 1.197 
2249 1000.33 1.195 
2250 1000.33 1.121 
2251 0 0 
2252 0 0 
2253 0.286 1.048 
2254 0 0 
2255 1000.31 0.862 
2256 0 0 
2257 0 0 
2258 0 0 
2259 0 0 
2260 1000.33 2.405 
2261 0 0 
2262 0 0 
2263 1000.33 0.81 
2264 0 0 
2265 1000.32 0.767 
2266 0 0 
2267 0 0 
2268 0 0 
2269 0 0 
2270 1000.34 0.773 
2271 0 0 
2272 0 0 
2273 0 0 
2274 1000.35 0.979 
2275 1000.35 0.845 
2276 0 0 
2277 0 0 
2278 1000.35 0.961 
2279 0 0 
2280 1000.51 1.063 
2281 0 0 
2282 0 0 
2283 0 0 
2284 0 0 
2285 1000.32 4.25 
2286 0 0 
2287 0 0 
2288 0 0 
2289 0 0 
2290 1000.33 1.241 
2291 0 0 
2292 0 0 
2293 0 0 
2294 0.292 3.139 
2295 1000.34 1.137 
2296 0 0 
2297 0 0 
2298 0 0 
2299 0 0 
2300 1000.34 1.473 
2301 0 0 
2302 0 0 
2303 0 0 
2304 1000.35 0.982 
2305 1000.38 1.123 
2306 0 0 
2307 0 0 
2308 0 0 
2309 0 0 
2310 1000.37 3.753 
2311 0 0 
2312 1000.34 0.994 
2313 0 0 
2314 0 0 
2315 1000.4 4.212 
2316 1000.38 2.46 
2317 0 0 
2318 0 0 
2319 0 0 
2320 1000.42 1.607 
2321 0 0 
2322 0 0 
2323 0 0 
2324 0 0 
2325 1000.35 1.275 
2326 0 0 
2327 0 0 
2328 1000.38 1.326 
2329 0 0 
2330 1000.35 1.093 
2331 0 0 
2332 0 0 
2333 0 0 
2334 0 0 
2335 1000.39 1.121 
2336 0 0 
2337 0 0 
2338 0 0 
2339 1000.33 0.925 
2340 1000.37 0.966 
2341 0 0 
2342 0 0 
2343 0 0 
2344 0 0 
2345 1000.4 0.887 
2346 0 0 
2347 0 0 
2348 1000.35 0.854 
2349 0 0 
2350 1000.35 0.834 
2351 1000.34 0.834 
2352 1000.33 0.823 
2353 1000.33 0.992 
2354 0 0 
2355 1000.35 1.042 
2356 0 0 
2357 0 0 
2358 0 0 
2359 0 0 
2360 1000.28 1.747 
2361 0 0 
2362 0 0 
2363 0 0 
2364 0 0 
2365 1000.5 1.696 
2366 1000.33 1.62 
2367 0 0 
2368 0 0 
2369 0 0 
2370 1000.35 1.133 
2371 0 0 
2372 0 0 
2373 0 0 
2374 0 0 
2375 1000.34 0.88 
2376 1000.38 0.832 
2377 0 0 
2378 0 0 
2379 0.277 0.668 
2380 1000.34 8.048 
2381 0 0 
2382 0 0 
2383 1000.33 5.167 
2384 0 0 
2385 1000.43 5.992 
2386 0 0 
2387 1000.34 3.924 
2388 0 0 
2389 1000.34 4.229 
2390 1000.33 3.176 
2391 0 0 
2392 0 0 
2393 1000.33 3.187 
2394 0 0 
2395 1000.35 3.102 
2396 0 0 
2397 0 0 
2398 0 0 
2399 0 0 
2400 1000.31 1.251 
2401 0 0 
2402 0 0 
2403 0 0 
2404 0 0 
2405 1000.39 2.563 
2406 0 0 
2407 0 0 
2408 0 0 
2409 0 0 
2410 1000.34 1.529 
2411 0 0 
2412 0 0 
2413 0 0 
2414 0 0 
2415 1000.34 1.582 
2416 0 0 
2417 0 0 
2418 0 0 
2419 0 0 
2420 1000.39 3.479 
2421 0 0 
2422 0 0 
2423 0 0 
2424 0 0 
2425 1000.28 2.579 
2426 0 0 
2427 0 0 
2428 0 0 
2429 1000.33 2.203 
2430 1000.37 2.733 
2431 0 0 
2432 0 0 
2433 0 0 
2434 0 0 
2435 1000.5 2.862 
2436 0 0 
2437 0 0 
2438 0 0 
2439 0 0 
2440 1000.37 4.138 
2441 0 0 
2442 0 0 
2443 0 0 
2444 1000.33 1.631 
2445 1000.34 2.522 
2446 1000.38 1.587 
2447 0 0 
2448 1000.32 1.607 
2449 0 0 
2450 1000.42 1.057 
2451 0 0 
2452 0 0 
2453 1000.31 0.913 
2454 0 0 
2455 1000.42 0.992 
2456 0 0 
2457 0 0 
2458 0 0 
2459 0 0 
2460 1000.38 0.935 
2461 1000.33 0.97 
2462 0 0 
2463 0 0 
2464 1000.39 1.059 
2465 1000.38 1.055 
2466 0 0 
2467 0 0 
2468 0 0 
2469 1000.35 0.964 
2470 1000.3 0.916 
2471 0 0 
2472 0 0 
2473 0 0 
2474 0 0 
2475 1000.3 3.531 
2476 0 0 
2477 0 0 
2478 1000.32 1.021 
2479 0 0 
2480 1000.36 3.123 
2481 0 0 
2482 0 0 
2483 0 0 
2484 0 0 
2485 1000.41 3.381 
2486 0 0 
2487 1000.3 0.904 
2488 0 0 
2489 0 0 
2490 1000.3 0.794 
2491 0 0 
2492 0.268 1.143 
2493 0 0 
2494 0 0 
2495 1000.35 0.785 
2496 0 0 
2497 0 0 
2498 0 0 
2499 0 0 
2500 0 0 
2501 0 0 
2502 0 0 
2503 0 0 
2504 0 0 
2505 0.298 0.623 
2506 0.275 0.614 
2507 0 0 
2508 0 0 
2509 0 0 
2510 0 0 
2511 0.294 0.513 
