21 35 10
240,204;270,338;338,272;239,551;544,616;616,398;398,469;468,681;680,470;473,265;264,239;272,188;187,392;462,541;473,532;535,326;326,125;51,199;201,475;404,678;677,544;545,562;562,330;335,608;604,548;622,471;470,271;269,616;616,50;51,548;551,258;256,59;57,74;36,463;467,114;114,344;414,121;54,534;536,198;197,632;632,121;58,548;618,285;214,62;102,685;686,250;40,313;418,187;44,589;589,45;103,351;
421,456;422,529;459,324;324,252;322,319;74,75;110,352;351,36;71,214;211,182;183,36;106,256;256,471;405,540;541,267;269,590;625,686;686,480;484,198;194,613;614,325;254,466;464,547;617,202;169,403;403,691;660,611;613,49;55,336;337,386;320,476;403,635;565,477;468,667;673,399;468,118;121,622;622,333;468,622;621,102;103,187;189,488;488,608;610,60;59,425;425,694;695,466;673,129;61,351;71,484;453,599;660,319;
131,137;102,200;199,309;379,67;99,417;418,134;132,450;624,551;551,239;202,333;334,616;544,410;479,522;520,202;201,550;621,473;477,488;450,333;400,684;685,478;412,127;126,479;411,189;121,410;405,48;48,424;424,614;617,322;285,269;340,534;537,198;128,355;320,681;680,74;40,471;468,589;660,540;538,453;450,121;46,275;275,43;40,340;338,526;211,681;692,54;62,672;695,387;659,215;
240,379;338,269;268,266;263,328;331,398;398,392;322,386;387,600;600,386;386,603;603,616;621,688;687,610;609,481;480,547;550,537;536,329;328,609;681,328;258,410;410,61;59,114;184,600;600,255;258,422;386,674;676,492;460,681;676,620;621,64;99,545;546,183;112,597;597,188;188,688;692,199;132,325;324,202;272,355;460,123;51,604;534,129;60,683;688,424;352,57;58,492;215,484;625,327;382,182;172,352;
285,495;495,425;390,389;424,561;631,459;422,392;462,561;492,603;602,541;543,330;327,460;320,532;532,183;253,188;117,48;48,190;193,272;342,260;263,393;394,674;673,465;466,477;408,609;608,592;663,172;278,691;689,535;535,329;400,677;677,259;258,605;535,183;250,269;269,387;462,193;121,677;674,340;342,392;464,414;625,64;64,398;466,271;341,386;421,53;42,340;340,492;352,589;627,263;275,495;37,622;663,325;138,533;
278,412;406,408;408,272;342,195;195,256;254,183;185,189;120,125;125,270;340,549;550,453;519,689;691,627;625,546;544,417;592,137;134,188;189,351;319,667;632,466;463,142;211,465;465,142;319,263;335,684;686,478;405,99;99,186;117,478;405,182;42,534;534,117;118,609;607,195;125,675;600,480;480,386;492,265;266,602;635,412;482,285;390,417;417,536;533,102;103,255;43,519;519,631;621,42;102,600;
337,341;341,103;60,53;51,55;54,259;333,339;334,325;324,183;115,43;45,285;320,526;634,609;537,191;191,479;478,263;335,49;48,252;252,268;270,592;627,272;310,546;547,355;390,188;185,202;269,183;183,634;600,686;686,379;379,119;119,616;624,100;61,400;400,142;71,195;256,481;412,118;117,690;691,172;138,329;266,494;492,267;337,107;107,404;479,74;182,688;695,533;592,328;382,386;690,71;
622,619;621,450;520,410;407,331;334,341;339,195;123,57;60,127;199,379;412,200;200,403;408,331;329,246;214,47;49,189;187,130;128,325;323,526;561,110;250,672;676,688;692,544;614,322;390,45;45,200;130,252;250,269;339,113;112,561;562,618;618,187;118,686;688,396;397,36;36,56;56,684;686,198;169,539;536,694;695,403;400,64;207,113;112,414;414,114;107,473;551,456;36,546;625,257;313,144;
552,550;619,613;608,602;604,534;607,602;635,534;536,394;392,142;247,459;425,112;113,463;463,182;182,604;673,532;565,110;179,194;195,406;406,195;193,379;342,57;56,342;339,548;619,240;204,617;622,678;677,393;390,263;257,526;527,334;333,670;672,545;471,110;43,197;130,683;686,124;54,417;417,541;541,43;44,527;527,481;480,182;112,613;541,137;172,540;468,100;100,459;247,691;659,462;621,352;695,351;
519,552;552,477;479,477;408,475;475,484;589,488;522,103;243,551;617,547;547,592;624,379;624,616;546,190;193,338;336,118;116,129;130,522;522,64;60,125;53,113;115,325;323,198;123,37;37,190;120,680;681,120;117,386;390,407;404,59;57,470;468,51;46,464;465,187;250,610;608,247;250,339;379,255;247,408;478,667;526,479;478,144;109,271;342,532;597,123;269,600;670,309;417,118;46,520;592,599;627,281;
