0 0
1 0
2 0
3 0
4 0
5 0
6 0
7 0
8 0
9 0
10 0
11 0
12 0
13 0
14 0
15 0
16 0
17 0
18 0
19 0
20 1
21 1
22 1
23 1
24 1
25 1
26 1
27 1
28 1
29 1
30 1
31 2
32 3
33 3
34 3
35 3
36 3
37 3
38 3
39 3
40 4
41 4
42 4
43 5
44 5
45 5
46 5
47 5
48 5
49 5
50 5
51 5
52 5
53 5
54 5
55 5
56 6
57 6
58 6
59 6
60 6
61 7
62 7
63 8
64 8
65 8
66 8
67 8
68 8
69 8
70 8
71 8
72 8
73 9
74 9
75 9
76 9
77 9
78 10
79 10
80 10
81 10
82 10
83 10
84 10
85 10
86 11
87 12
88 12
89 13
90 14
91 15
92 15
93 15
94 16
95 17
96 17
97 17
98 17
99 17
100 17
101 17
102 17
103 17
104 17
105 17
106 17
107 17
108 17
109 17
110 17
111 17
112 18
113 18
114 18
115 18
116 18
117 18
118 18
119 19
120 18
121 18
122 18
123 18
124 18
125 18
126 18
127 18
128 18
129 18
130 18
131 17
132 16
133 16
134 16
135 16
136 16
137 16
138 16
139 17
140 18
141 19
142 19
143 18
144 18
145 18
146 19
147 19
148 19
149 20
150 20
151 20
152 21
153 21
154 21
155 21
156 20
157 20
158 20
159 20
160 20
161 19
162 19
163 18
164 18
165 18
166 18
167 18
168 19
169 19
170 19
171 19
172 19
173 18
174 19
175 20
176 20
177 20
178 19
179 19
180 19
181 19
182 19
183 20
184 20
185 20
186 19
187 18
188 19
189 18
190 17
191 16
192 16
193 16
194 15
195 14
196 15
197 16
198 16
199 16
200 16
201 16
202 16
203 17
204 19
205 19
206 19
207 19
208 19
209 19
210 20
211 20
212 20
213 20
214 20
215 20
216 20
217 20
218 20
219 19
220 19
221 20
222 21
223 21
224 22
225 22
226 22
227 22
228 23
229 23
230 23
231 23
232 23
233 23
234 23
235 23
236 23
237 24
238 24
239 24
240 23
241 22
242 22
243 23
244 23
245 23
246 22
247 23
248 23
249 22
250 22
251 22
252 21
253 21
254 21
255 21
256 21
257 22
258 22
259 23
260 23
261 23
262 23
263 23
264 23
265 23
266 24
267 24
268 23
269 23
270 23
271 23
272 23
273 23
274 22
275 21
276 21
277 21
278 21
279 21
280 21
281 21
282 21
283 20
284 21
285 22
286 22
287 23
288 22
289 22
290 22
291 22
292 22
293 22
294 22
295 22
296 21
297 21
298 21
299 21
300 21
301 21
302 21
303 20
304 20
305 21
306 21
307 21
308 21
309 22
310 21
311 21
312 20
313 20
314 21
315 21
316 21
317 21
318 21
319 21
320 21
321 20
322 19
323 20
324 19
325 19
326 19
327 19
328 18
329 18
330 18
331 18
332 18
333 19
334 19
335 20
336 20
337 20
338 20
339 19
340 18
341 19
342 19
343 18
344 18
345 18
346 18
347 19
348 19
349 19
350 19
351 20
352 20
353 21
354 22
355 22
356 22
357 21
358 21
359 20
360 20
361 20
362 21
363 21
364 21
365 21
366 21
367 21
368 21
369 21
370 21
371 21
372 21
373 21
374 21
375 21
376 21
377 21
378 21
379 21
380 22
381 23
382 23
383 24
384 23
385 22
386 23
387 22
388 22
389 22
390 22
391 22
392 22
393 22
394 22
395 22
396 22
397 21
398 21
399 21
400 21
401 21
402 21
403 22
404 20
405 19
406 19
407 19
408 19
409 18
410 21
411 21
412 22
413 22
414 21
415 21
416 21
417 21
418 21
419 21
420 21
421 21
422 21
423 20
424 20
425 20
426 20
427 20
428 20
429 22
430 22
431 22
432 22
433 21
434 21
435 21
436 21
437 20
438 20
439 20
440 20
441 20
442 20
443 20
444 20
445 21
446 21
447 19
448 19
449 19
450 20
451 19
452 21
453 20
454 19
455 19
456 19
457 19
458 19
459 19
460 19
461 19
462 18
463 18
464 19
465 20
466 19
467 19
468 19
469 19
470 20
471 20
472 20
473 20
474 21
475 21
476 21
477 21
478 21
479 21
480 20
481 19
482 19
483 18
484 19
485 19
486 18
487 18
488 19
489 19
490 19
491 19
492 19
493 19
494 19
495 19
496 20
497 21
498 21
499 21
500 22
501 22
502 22
503 21
504 22
505 22
506 22
507 22
508 22
509 22
510 20
511 20
512 19
513 19
514 19
515 19
516 19
517 19
518 20
519 21
520 21
521 22
522 22
523 22
524 22
525 22
526 23
527 23
528 23
529 21
530 21
531 21
532 21
533 21
534 21
535 20
536 20
537 20
538 20
539 20
540 20
541 19
542 19
543 19
544 19
545 19
546 19
547 20
548 20
549 20
550 19
551 19
552 17
553 17
554 17
555 17
556 17
557 17
558 17
559 18
560 18
561 18
562 18
563 19
564 18
565 17
566 17
567 18
568 18
569 20
570 19
571 19
572 19
573 19
574 20
575 20
576 20
577 20
578 20
579 20
580 20
581 20
582 20
583 20
584 19
585 19
586 19
587 19
588 18
589 18
590 19
591 19
592 19
593 20
594 20
595 20
596 19
597 18
598 18
599 19
600 18
601 20
602 21
603 21
604 20
605 20
606 20
607 20
608 20
609 20
610 19
611 19
612 19
613 19
614 19
615 20
616 20
617 20
618 19
619 18
620 18
621 17
622 19
623 19
624 19
625 19
626 18
627 18
628 18
629 18
630 18
631 18
632 19
633 19
634 19
635 19
636 19
637 19
638 19
639 19
640 19
641 20
642 20
643 20
644 20
645 19
646 19
647 18
648 18
649 19
650 19
651 19
652 19
653 19
654 19
655 19
656 20
657 20
658 21
659 21
660 21
661 21
662 21
663 21
664 21
665 22
666 22
667 21
668 21
669 19
670 19
671 19
672 19
673 19
674 17
675 17
676 18
677 18
678 18
679 18
680 18
681 18
682 18
683 19
684 20
685 20
686 20
687 20
688 20
689 21
690 20
691 21
692 22
693 21
694 21
695 21
696 21
697 21
698 21
699 20
700 20
701 19
702 18
703 18
704 18
705 18
706 18
707 19
708 19
709 20
710 20
711 21
712 21
713 21
714 21
715 20
716 21
717 21
718 21
719 21
720 21
721 21
722 19
723 19
724 20
725 20
726 20
727 20
728 20
729 21
730 21
731 22
732 21
733 21
734 21
735 21
736 21
737 21
738 21
739 21
740 21
741 20
742 20
743 20
744 20
745 21
746 21
747 21
748 21
749 20
750 20
751 21
752 21
753 21
754 21
755 21
756 20
757 21
758 20
759 20
760 21
761 21
762 21
763 20
764 20
765 19
766 19
767 19
768 19
769 19
770 19
771 20
772 20
773 20
774 20
775 21
776 20
777 20
778 20
779 21
780 21
781 21
782 21
783 20
784 19
785 19
786 20
787 20
788 20
789 19
790 19
791 18
792 17
793 17
794 17
795 17
796 19
797 20
798 20
799 20
800 20
801 19
802 20
803 20
804 20
805 20
806 20
807 19
808 19
809 19
810 19
811 18
812 18
813 18
814 19
815 19
816 19
817 19
818 19
819 19
820 20
821 20
822 20
823 21
824 20
825 20
826 20
827 20
828 20
829 19
830 19
831 19
832 19
833 19
834 20
835 20
836 21
837 22
838 22
839 23
840 23
841 23
842 23
843 23
844 23
845 22
846 22
847 22
848 22
849 22
850 22
851 21
852 21
853 22
854 22
855 22
856 22
857 21
858 21
859 21
860 20
861 20
862 20
863 20
864 21
865 21
866 21
867 21
868 22
869 22
870 22
871 21
872 22
873 22
874 22
875 21
876 21
877 21
878 21
879 20
880 20
881 20
882 20
883 20
884 21
885 22
886 21
887 21
888 21
889 21
890 22
891 22
892 22
893 22
894 22
895 22
896 20
897 19
898 19
899 20
900 20
901 20
902 19
903 19
904 19
905 19
906 20
907 21
908 21
909 20
910 20
911 20
912 21
913 21
914 20
915 21
916 20
917 20
918 20
919 20
920 19
921 20
922 20
923 19
924 19
925 20
926 21
927 21
928 21
929 21
930 22
931 21
932 21
933 22
934 21
935 21
936 20
937 19
938 19
939 18
940 18
941 18
942 18
943 18
944 18
945 18
946 18
947 18
948 18
949 18
950 19
951 19
952 19
953 18
954 20
955 20
956 20
957 20
958 21
959 20
960 20
961 20
962 20
963 20
964 19
965 19
966 19
967 20
968 19
969 19
970 20
971 20
972 19
973 19
974 19
975 19
976 19
977 19
978 19
979 19
980 19
981 19
982 19
983 19
984 18
985 17
986 17
987 18
988 18
989 18
990 18
991 19
992 19
993 20
994 20
995 21
996 21
997 21
998 21
999 20
1000 20
1001 21
1002 21
1003 21
1004 21
1005 21
1006 20
1007 19
1008 19
1009 19
1010 19
1011 20
1012 19
1013 19
1014 19
1015 18
1016 18
1017 19
1018 19
1019 20
1020 21
1021 20
1022 21
1023 21
1024 21
1025 20
1026 19
1027 19
1028 19
1029 19
1030 18
1031 18
1032 18
1033 17
1034 17
1035 17
1036 18
1037 18
1038 19
1039 19
1040 20
1041 20
1042 20
1043 20
1044 20
1045 21
1046 21
1047 21
1048 21
1049 21
1050 20
1051 20
1052 20
1053 20
1054 19
1055 19
1056 19
1057 20
1058 19
1059 20
1060 20
1061 20
1062 21
1063 21
1064 21
1065 21
1066 21
1067 20
1068 20
1069 20
1070 19
1071 21
1072 21
1073 21
1074 21
1075 21
1076 21
1077 21
1078 21
1079 21
1080 21
1081 21
1082 21
1083 21
1084 21
1085 21
1086 22
1087 21
1088 21
1089 22
1090 21
1091 21
1092 21
1093 20
1094 20
1095 19
1096 19
1097 19
1098 19
1099 19
1100 19
1101 19
1102 19
1103 20
1104 20
1105 20
1106 21
1107 21
1108 22
1109 22
1110 22
1111 21
1112 21
1113 21
1114 21
1115 21
1116 21
1117 20
1118 20
1119 19
1120 18
1121 18
1122 17
1123 17
1124 18
1125 18
1126 18
1127 18
1128 19
1129 19
1130 20
1131 20
1132 22
1133 22
1134 22
1135 22
1136 21
1137 21
1138 20
1139 20
1140 19
1141 19
1142 20
1143 20
1144 20
1145 19
1146 20
1147 21
1148 21
1149 21
1150 21
1151 22
1152 22
1153 22
1154 21
1155 21
1156 21
1157 20
1158 20
1159 19
1160 19
1161 19
1162 18
1163 18
1164 19
1165 19
1166 19
1167 20
1168 20
1169 20
1170 20
1171 18
1172 18
1173 18
1174 18
1175 19
1176 19
1177 20
1178 20
1179 20
1180 20
1181 20
1182 20
1183 21
1184 21
1185 22
1186 21
1187 21
1188 22
1189 21
1190 21
1191 20
1192 20
1193 20
1194 21
1195 21
1196 21
1197 21
1198 21
1199 22
1200 22
1201 21
1202 21
1203 20
1204 20
1205 21
1206 20
1207 20
1208 19
1209 19
1210 20
1211 20
1212 20
1213 21
1214 21
1215 21
1216 22
1217 22
1218 22
1219 22
1220 22
1221 23
1222 23
1223 23
1224 22
1225 22
1226 22
1227 22
1228 21
1229 22
1230 21
1231 21
1232 19
1233 19
1234 19
1235 19
1236 20
1237 20
1238 20
1239 20
1240 21
1241 21
1242 20
1243 20
1244 20
1245 20
1246 19
1247 19
1248 19
1249 19
1250 19
1251 18
1252 18
1253 19
1254 19
1255 19
1256 19
1257 19
1258 19
1259 19
1260 20
1261 20
1262 22
1263 22
1264 21
1265 21
1266 22
1267 21
1268 21
1269 21
1270 21
1271 21
1272 21
1273 21
1274 21
1275 20
1276 21
1277 20
1278 20
1279 20
1280 20
1281 21
1282 21
1283 21
1284 21
1285 20
1286 20
1287 20
1288 19
1289 19
1290 19
1291 19
1292 19
1293 19
1294 18
1295 18
1296 19
1297 19
1298 19
1299 19
1300 19
1301 19
1302 19
1303 19
1304 19
1305 18
1306 18
1307 19
1308 20
1309 20
1310 19
1311 19
1312 19
1313 18
1314 18
1315 19
1316 18
1317 18
1318 18
1319 18
1320 18
1321 19
1322 19
1323 19
1324 19
1325 19
1326 19
1327 19
1328 19
1329 18
1330 18
1331 19
1332 19
1333 19
1334 19
1335 20
1336 20
1337 20
1338 20
1339 20
1340 19
1341 19
1342 19
1343 19
1344 19
1345 19
1346 19
1347 19
1348 19
1349 20
1350 20
1351 20
1352 20
1353 19
1354 19
1355 20
1356 20
1357 20
1358 20
1359 20
1360 21
1361 21
1362 19
1363 19
1364 19
1365 20
1366 19
1367 19
1368 19
1369 19
1370 19
1371 20
1372 20
1373 20
1374 20
1375 20
1376 19
1377 19
1378 19
1379 19
1380 19
1381 19
1382 20
1383 19
1384 19
1385 20
1386 21
1387 21
1388 22
1389 22
1390 22
1391 22
1392 22
1393 23
1394 24
1395 24
1396 23
1397 23
1398 24
1399 23
1400 23
1401 23
1402 23
1403 23
1404 23
1405 23
1406 23
1407 22
1408 21
1409 21
1410 21
1411 21
1412 21
1413 21
1414 21
1415 20
1416 20
1417 20
1418 20
1419 20
1420 20
1421 18
1422 19
1423 19
1424 20
1425 20
1426 20
1427 20
1428 20
1429 21
1430 21
1431 21
1432 21
1433 21
1434 21
1435 20
1436 19
1437 20
1438 20
1439 20
1440 20
1441 20
1442 20
1443 20
1444 21
1445 21
1446 21
1447 20
1448 21
1449 20
1450 20
1451 20
1452 20
1453 20
1454 21
1455 20
1456 20
1457 20
1458 20
1459 20
1460 19
1461 19
1462 19
1463 19
1464 19
1465 18
1466 20
1467 21
1468 21
1469 21
1470 21
1471 20
1472 20
1473 20
1474 21
1475 21
1476 21
1477 21
1478 21
1479 22
1480 22
1481 21
1482 20
1483 20
1484 20
1485 19
1486 18
1487 18
1488 17
1489 17
1490 18
1491 18
1492 18
1493 17
1494 17
1495 17
1496 17
1497 17
1498 16
1499 16
1500 16
1501 16
1502 16
1503 16
1504 16
1505 16
1506 17
1507 17
1508 17
1509 18
1510 19
1511 20
1512 20
1513 20
1514 20
1515 21
1516 21
1517 21
1518 22
1519 22
1520 22
1521 23
1522 22
1523 22
1524 21
1525 21
1526 21
1527 21
1528 21
1529 20
1530 20
1531 19
1532 19
1533 19
1534 20
1535 20
1536 20
1537 19
1538 19
1539 19
1540 19
1541 19
1542 19
1543 19
1544 19
1545 19
1546 19
1547 19
1548 18
1549 18
1550 18
1551 19
1552 20
1553 20
1554 19
1555 19
1556 20
1557 20
1558 21
1559 21
1560 20
1561 21
1562 22
1563 22
1564 22
1565 22
1566 21
1567 20
1568 20
1569 21
1570 21
1571 21
1572 21
1573 21
1574 20
1575 20
1576 20
1577 20
1578 20
1579 19
1580 19
1581 20
1582 20
1583 20
1584 20
1585 20
1586 20
1587 21
1588 21
1589 21
1590 20
1591 20
1592 20
1593 20
1594 19
1595 19
1596 19
1597 19
1598 19
1599 19
1600 19
1601 19
1602 19
1603 19
1604 19
1605 19
1606 18
1607 19
1608 20
1609 19
1610 19
1611 18
1612 18
1613 18
1614 19
1615 18
1616 18
1617 19
1618 18
1619 18
1620 18
1621 17
1622 18
1623 18
1624 18
1625 19
1626 19
1627 20
1628 20
1629 20
1630 20
1631 20
1632 20
1633 21
1634 20
1635 21
1636 21
1637 21
1638 22
1639 22
1640 22
1641 22
1642 23
1643 23
1644 22
1645 23
1646 23
1647 23
1648 23
1649 23
1650 23
1651 23
1652 22
1653 22
1654 23
1655 23
1656 22
1657 22
1658 21
1659 21
1660 21
1661 20
1662 19
1663 19
1664 19
1665 20
1666 19
1667 19
1668 19
1669 18
1670 18
1671 18
1672 18
1673 18
1674 18
1675 18
1676 19
1677 19
1678 19
1679 19
1680 19
1681 18
1682 18
1683 19
1684 19
1685 20
1686 21
1687 20
1688 21
1689 21
1690 21
1691 21
1692 21
1693 22
1694 22
1695 22
1696 22
1697 22
1698 22
1699 22
1700 22
1701 22
1702 22
1703 23
1704 23
1705 23
1706 23
1707 22
1708 22
1709 23
1710 22
1711 22
1712 22
1713 22
1714 21
1715 21
1716 21
1717 20
1718 20
1719 20
1720 21
1721 21
1722 20
1723 20
1724 20
1725 19
1726 20
1727 20
1728 20
1729 20
1730 20
1731 20
1732 20
1733 20
1734 20
1735 20
1736 21
1737 21
1738 20
1739 20
1740 20
1741 20
1742 19
1743 20
1744 20
1745 19
1746 19
1747 19
1748 19
1749 19
1750 19
1751 18
1752 18
1753 18
1754 18
1755 18
1756 19
1757 20
1758 20
1759 20
1760 20
1761 20
1762 20
1763 21
1764 21
1765 20
1766 20
1767 21
1768 21
1769 21
1770 21
1771 21
1772 21
1773 21
1774 21
1775 21
1776 20
1777 20
1778 21
1779 21
1780 21
1781 21
1782 21
1783 21
1784 21
1785 20
1786 19
1787 20
1788 19
1789 19
1790 19
1791 19
1792 20
1793 19
1794 19
1795 19
1796 19
1797 19
1798 19
1799 19
1800 19
1801 20
1802 21
1803 21
1804 21
1805 21
1806 21
1807 22
1808 22
1809 21
1810 21
1811 21
1812 21
1813 21
1814 21
1815 21
1816 21
1817 22
1818 22
1819 22
1820 21
1821 22
1822 22
1823 22
1824 22
1825 22
1826 21
1827 20
1828 20
1829 20
1830 21
1831 21
1832 21
1833 20
1834 21
1835 22
1836 21
1837 21
1838 21
1839 21
1840 21
1841 21
1842 21
1843 21
1844 22
1845 22
1846 22
1847 22
1848 22
1849 22
1850 22
1851 22
1852 22
1853 22
1854 22
1855 22
1856 21
1857 20
1858 20
1859 20
1860 20
1861 20
1862 20
1863 19
1864 19
1865 19
1866 19
1867 19
1868 19
1869 19
1870 19
1871 19
1872 19
1873 20
1874 20
1875 20
1876 20
1877 20
1878 19
1879 19
1880 19
1881 19
1882 20
1883 19
1884 21
1885 21
1886 21
1887 20
1888 20
1889 21
1890 21
1891 22
1892 21
1893 21
1894 21
1895 21
1896 21
1897 21
1898 21
1899 22
1900 22
1901 21
1902 20
1903 19
1904 19
1905 19
1906 19
1907 18
1908 17
1909 17
1910 17
1911 18
1912 20
1913 20
1914 20
1915 20
1916 20
1917 19
1918 19
1919 19
1920 19
1921 19
1922 19
1923 19
1924 20
1925 20
1926 20
1927 21
1928 21
1929 21
1930 20
1931 20
1932 21
1933 21
1934 21
1935 19
1936 19
1937 20
1938 20
1939 20
1940 20
1941 20
1942 20
1943 19
1944 18
1945 18
1946 18
1947 18
1948 18
1949 18
1950 18
1951 18
1952 18
1953 18
1954 17
1955 17
1956 17
1957 18
1958 18
1959 18
1960 19
1961 19
1962 19
1963 19
1964 19
1965 19
1966 19
1967 18
1968 19
1969 19
1970 20
1971 20
1972 20
1973 20
1974 21
1975 21
1976 21
1977 21
1978 23
1979 23
1980 23
1981 23
1982 23
1983 23
1984 21
1985 21
1986 21
1987 21
1988 22
1989 21
1990 21
1991 20
1992 20
1993 20
1994 20
1995 20
1996 20
1997 20
1998 20
1999 19
2000 19
2001 20
2002 20
2003 20
2004 20
2005 20
2006 20
2007 21
2008 21
2009 21
2010 21
2011 20
2012 18
2013 19
2014 19
2015 19
2016 19
2017 19
2018 19
2019 19
2020 19
2021 18
2022 18
2023 18
2024 17
2025 18
2026 18
2027 17
2028 18
2029 19
2030 19
2031 19
2032 19
2033 19
2034 20
2035 20
2036 20
2037 19
2038 19
2039 19
2040 19
2041 19
2042 19
2043 19
2044 20
2045 20
2046 20
2047 20
2048 21
2049 21
2050 21
2051 21
2052 21
2053 22
2054 22
2055 22
2056 22
2057 21
2058 22
2059 22
2060 21
2061 21
2062 21
2063 22
2064 22
2065 22
2066 22
2067 22
2068 21
2069 21
2070 20
2071 20
2072 20
2073 19
2074 18
2075 19
2076 19
2077 19
2078 19
2079 19
2080 19
2081 19
2082 18
2083 18
2084 18
2085 18
2086 18
2087 19
2088 18
2089 18
2090 18
2091 18
2092 19
2093 19
2094 19
2095 19
2096 19
2097 20
2098 20
2099 20
2100 20
2101 20
2102 20
2103 21
2104 21
2105 21
2106 21
2107 20
2108 20
2109 20
2110 20
2111 22
2112 23
2113 22
2114 22
2115 22
2116 23
2117 23
2118 23
2119 23
2120 23
2121 23
2122 23
2123 23
2124 23
2125 22
2126 22
2127 22
2128 21
2129 20
2130 20
2131 20
2132 19
2133 19
2134 17
2135 17
2136 17
2137 17
2138 18
2139 19
2140 19
2141 19
2142 19
2143 19
2144 18
2145 18
2146 18
2147 19
2148 18
2149 18
2150 18
2151 18
2152 19
2153 18
2154 18
2155 18
2156 18
2157 18
2158 17
2159 17
2160 17
2161 17
2162 17
2163 16
2164 17
2165 17
2166 17
2167 17
2168 17
2169 18
2170 18
2171 18
2172 18
2173 19
2174 19
2175 18
2176 18
2177 18
2178 16
2179 16
2180 16
2181 16
2182 16
2183 16
2184 17
2185 17
2186 19
2187 18
2188 18
2189 19
2190 20
2191 22
2192 21
2193 21
2194 21
2195 21
2196 21
2197 20
2198 20
2199 20
2200 20
2201 20
2202 20
2203 20
2204 20
2205 20
2206 20
2207 20
2208 21
2209 21
2210 21
2211 20
2212 19
2213 19
2214 19
2215 19
2216 18
2217 18
2218 18
2219 18
2220 18
2221 18
2222 19
2223 19
2224 19
2225 19
2226 20
2227 20
2228 20
2229 20
2230 20
2231 21
2232 21
2233 21
2234 21
2235 22
2236 22
2237 22
2238 21
2239 20
2240 20
2241 20
2242 20
2243 20
2244 20
2245 20
2246 20
2247 20
2248 21
2249 21
2250 21
2251 21
2252 21
2253 21
2254 22
2255 22
2256 22
2257 22
2258 22
2259 22
2260 22
2261 22
2262 24
2263 24
2264 24
2265 24
2266 24
2267 24
2268 24
2269 24
2270 24
2271 24
2272 24
2273 24
2274 24
2275 24
2276 24
2277 25
2278 25
2279 25
2280 25
2281 25
2282 25
2283 25
2284 25
2285 25
2286 23
2287 23
2288 23
2289 22
2290 21
2291 19
2292 19
2293 20
2294 20
2295 20
2296 20
2297 20
2298 20
2299 20
2300 20
2301 19
2302 19
2303 19
2304 19
2305 19
2306 19
2307 19
2308 18
2309 18
2310 18
2311 18
2312 18
2313 18
2314 19
2315 20
2316 20
2317 20
2318 20
2319 21
2320 21
2321 21
2322 20
2323 20
2324 21
2325 21
2326 20
2327 21
2328 21
2329 21
2330 21
2331 20
2332 20
2333 20
2334 20
2335 19
2336 19
2337 19
2338 20
2339 20
2340 20
2341 20
2342 20
2343 20
2344 20
2345 20
2346 20
2347 20
2348 19
2349 20
2350 21
2351 22
2352 22
2353 22
2354 22
2355 22
2356 22
2357 22
2358 22
2359 22
2360 22
2361 22
2362 20
2363 20
2364 19
2365 20
2366 20
2367 20
2368 20
2369 19
2370 19
2371 19
2372 19
2373 18
2374 18
2375 18
2376 18
2377 17
2378 18
2379 18
2380 18
2381 18
2382 19
2383 19
2384 18
2385 18
2386 20
2387 20
2388 21
2389 21
2390 21
2391 21
2392 22
2393 21
2394 21
2395 21
2396 21
2397 21
2398 21
2399 21
2400 21
2401 21
2402 21
2403 20
2404 20
2405 20
2406 20
2407 20
2408 20
2409 20
2410 20
2411 19
2412 19
2413 19
2414 19
2415 18
2416 19
2417 19
2418 19
2419 18
2420 18
2421 18
2422 18
2423 18
2424 18
2425 18
2426 18
2427 17
2428 18
2429 18
2430 18
2431 18
2432 18
2433 18
2434 18
2435 18
2436 18
2437 18
2438 17
2439 17
2440 17
2441 17
2442 17
2443 19
2444 20
2445 21
2446 21
2447 22
2448 22
2449 21
2450 20
2451 19
2452 19
2453 19
2454 18
2455 18
2456 18
2457 18
2458 18
2459 18
2460 18
2461 18
2462 18
2463 19
2464 19
2465 18
2466 18
2467 18
2468 20
2469 20
2470 20
2471 20
2472 20
2473 20
2474 20
2475 20
2476 20
2477 21
2478 20
2479 20
2480 20
2481 20
2482 19
2483 19
2484 19
2485 19
2486 19
2487 19
2488 18
2489 19
2490 19
2491 20
2492 19
2493 19
2494 19
2495 19
2496 19
2497 19
2498 19
2499 19
2500 19
2501 19
2502 19
2503 19
2504 20
2505 22
2506 22
2507 22
2508 22
2509 22
2510 23
2511 23
2512 23
2513 23
2514 22
2515 22
2516 21
2517 21
2518 21
2519 21
2520 21
2521 21
2522 21
2523 21
2524 20
2525 20
2526 20
2527 20
2528 19
2529 19
2530 19
2531 19
2532 19
2533 19
2534 19
2535 19
2536 19
2537 19
2538 19
2539 19
2540 19
2541 19
2542 19
2543 17
2544 16
2545 15
2546 15
2547 13
2548 13
2549 13
2550 13
2551 13
2552 12
2553 12
2554 12
2555 12
2556 12
2557 12
2558 12
2559 12
2560 12
2561 12
2562 12
2563 11
2564 11
2565 11
2566 11
2567 11
2568 9
2569 9
2570 9
2571 9
2572 9
2573 9
2574 9
2575 9
2576 9
2577 8
2578 8
2579 8
2580 8
2581 8
2582 8
2583 8
2584 8
2585 8
2586 6
2587 6
2588 6
2589 5
2590 5
2591 4
2592 4
2593 4
2594 4
2595 4
2596 4
2597 4
2598 4
2599 4
2600 4
2601 4
2602 4
2603 4
2604 3
2605 1
2606 1
2607 1
2608 1
2609 1
2610 0
2611 0
2612 0
2613 0
2614 0
2615 0
2616 0
2617 0
2618 0
2619 0
2620 0
2621 0
2622 0
2623 0
2624 0
2625 0
2626 0
2627 0
2628 0
2629 0
2630 0
2631 0
2632 0
2633 0
2634 0
2635 0
2636 0
2637 0
2638 0
2639 0
2640 0
2641 0
2642 0
2643 0
2644 0
2645 0
2646 0
2647 0
2648 0
2649 0
2650 0
2651 0
2652 0
2653 0
2654 0
2655 0
2656 0
2657 0
2658 0
2659 0
2660 0
2661 0
2662 0
2663 0
2664 0
2665 0
2666 0
2667 0
2668 0
2669 0
2670 0
2671 0
2672 0
2673 0
2674 0
2675 0
2676 0
2677 0
2678 0
2679 0
2680 0
2681 0
2682 0
2683 0
2684 0
2685 0
2686 0
2687 0
2688 0
2689 0
2690 0
2691 0
2692 0
2693 0
2694 0
2695 0
2696 0
2697 0
2698 0
2699 0
2700 0
2701 0
2702 0
2703 0
2704 0
2705 0
2706 0
2707 0
2708 0
2709 0
2710 0
2711 0
2712 0
2713 0
2714 0
2715 0
2716 0
2717 0
2718 0
2719 0
2720 0
2721 0
2722 0
2723 0
2724 0
2725 0
2726 0
2727 0
2728 0
2729 0
2730 0
2731 0
2732 0
2733 0
2734 0
2735 0
2736 0
2737 0
2738 0
2739 0
2740 0
2741 0
2742 0
2743 0
2744 0
2745 0
2746 0
2747 0
2748 0
2749 0
2750 0
2751 0
2752 0
2753 0
2754 0
2755 0
2756 0
2757 0
2758 0
2759 0
2760 0
2761 0
2762 0
2763 0
2764 0
2765 0
2766 0
2767 0
2768 0
2769 0
2770 0
2771 0
2772 0
2773 0
2774 0
2775 0
2776 0
2777 0
2778 0
2779 0
2780 0
2781 0
2782 0
2783 0
2784 0
2785 0
2786 0
2787 0
2788 0
2789 0
2790 0
2791 0
2792 0
2793 0
2794 0
2795 0
2796 0
2797 0
2798 0
2799 0
2800 0
2801 0
2802 0
2803 0
2804 0
2805 0
2806 0
2807 0
2808 0
2809 0
2810 0
2811 0
2812 0
2813 0
2814 0
2815 0
2816 0
2817 0
2818 0
2819 0
2820 0
2821 0
2822 0
2823 0
2824 0
2825 0
2826 0
2827 0
2828 0
2829 0
2830 0
2831 0
2832 0
2833 0
2834 0
2835 0
2836 0
2837 0
2838 0
2839 0
2840 0
2841 0
2842 0
2843 0
2844 0
2845 0
2846 0
2847 0
2848 0
2849 0
2850 0
2851 0
2852 0
2853 0
2854 0
2855 0
2856 0
2857 0
2858 0
2859 0
2860 0
2861 0
2862 0
2863 0
2864 0
2865 0
2866 0
2867 0
2868 0
2869 0
2870 0
2871 0
2872 0
2873 0
2874 0
2875 0
2876 0
2877 0
2878 0
2879 0
2880 0
2881 0
2882 0
2883 0
2884 0
2885 0
2886 0
2887 0
2888 0
2889 0
2890 0
2891 0
2892 0
2893 0
2894 0
2895 0
2896 0
2897 0
2898 0
2899 0
2900 0
2901 0
2902 0
2903 0
2904 0
2905 0
2906 0
2907 0
2908 0
2909 0
2910 0
2911 0
2912 0
2913 0
2914 0
2915 0
2916 0
2917 0
2918 0
2919 0
2920 0
2921 0
2922 0
2923 0
2924 0
2925 0
2926 0
2927 0
2928 0
2929 0
2930 0
2931 0
2932 0
2933 0
2934 0
2935 0
2936 0
2937 0
2938 0
2939 0
2940 0
2941 0
2942 0
2943 0
2944 0
2945 0
2946 0
2947 0
2948 0
2949 0
2950 0
2951 0
2952 0
2953 0
2954 0
2955 0
2956 0
2957 0
2958 0
2959 0
2960 0
2961 0
2962 0
2963 0
2964 0
2965 0
2966 0
2967 0
2968 0
2969 0
2970 0
2971 0
2972 0
2973 0
2974 0
2975 0
2976 0
2977 0
2978 0
2979 0
2980 0
2981 0
2982 0
2983 0
2984 0
2985 0
2986 0
2987 0
2988 0
2989 0
2990 0
2991 0
2992 0
2993 0
2994 0
2995 0
2996 0
2997 0
2998 0
2999 0
